10 10 20 20
-4.812184
-4.605170
-4.532599
-4.343805
-4.110874
-4.248495
-4.094345
-3.970292
-4.110874
-3.637586
-3.496508
-3.663562
-3.295837
-3.332205
-3.218876
-3.135494
-3.218876
-3.135494
-2.484907
-2.639057
-5.564520
-4.369448
-4.477337
-4.330733
-4.330733
-4.189655
-4.094345
-3.784190
-3.850148
-3.713572
-3.850148
-3.135494
-3.433987
-3.367296
-2.890372
-2.995732
-3.044522
-3.091042
-1.791759
-2.639057
-5.484797
-4.304065
-4.262680
-4.234107
-4.025352
-3.871201
-3.583519
-3.931826
-3.713572
-3.610918
-3.583519
-3.332205
-3.178054
-3.295837
-3.091042
-3.091042
-2.833213
-2.302585
-2.708050
-2.772589
-5.247024
-4.234107
-4.304065
-4.043051
-3.970292
-3.951244
-3.806662
-3.610918
-3.871201
-3.688879
-3.433987
-3.465736
-3.367296
-2.890372
-2.944439
-3.258097
-2.639057
-2.944439
-2.397895
-2.302585
-5.278115
-4.189655
-4.189655
-3.871201
-4.060443
-3.988984
-4.025352
-3.737670
-3.218876
-3.465736
-3.401197
-3.178054
-3.258097
-2.564949
-2.890372
-2.564949
-2.708050
-3.044522
-2.484907
-2.397895
-5.062595
-3.871201
-3.931826
-3.688879
-3.912023
-3.713572
-3.465736
-3.332205
-3.091042
-3.433987
-2.944439
-3.367296
-2.890372
-2.708050
-2.639057
-2.708050
-2.079442
-2.079442
-2.890372
-2.302585
-5.105945
-4.143135
-3.688879
-3.663562
-3.637586
-3.401197
-3.135494
-3.688879
-3.401197
-3.433987
-2.639057
-2.708050
-2.833213
-2.302585
-2.833213
-2.564949
-1.945910
-2.772589
-2.302585
-1.791759
-4.948760
-3.761200
-3.828641
-3.583519
-3.637586
-3.688879
-3.295837
-3.218876
-3.258097
-2.995732
-2.944439
-2.564949
-2.708050
-2.564949
-1.791759
-2.397895
-2.079442
-2.079442
-1.945910
-2.197225
-4.804021
-4.077537
-3.433987
-3.526361
-3.583519
-3.295837
-3.367296
-3.218876
-2.772589
-2.302585
-2.772589
-2.833213
-2.833213
-2.639057
-2.833213
-2.397895
-1.945910
-2.197225
-1.609438
-2.079442
-4.844187
-3.828641
-3.496508
-3.178054
-3.806662
-2.833213
-3.044522
-2.772589
-2.772589
-2.833213
-2.833213
-2.944439
-2.833213
-2.564949
-2.708050
-2.302585
-2.197225
-1.609438
-2.079442
-2.079442
-4.644391
-3.332205
-3.688879
-3.332205
-3.044522
-3.295837
-3.332205
-3.091042
-2.890372
-3.044522
-2.639057
-2.397895
-2.484907
-2.302585
-1.609438
-1.791759
-2.484907
-2.302585
-1.945910
-2.197225
-4.753590
-3.637586
-3.218876
-3.295837
-3.367296
-3.135494
-2.944439
-2.772589
-2.772589
-2.890372
-2.890372
-1.791759
-2.833213
-2.079442
-2.302585
-1.098612
-1.609438
-2.079442
-2.197225
0.000000
-4.454347
-3.367296
-3.295837
-3.465736
-3.433987
-3.091042
-3.044522
-2.484907
-2.079442
-2.833213
-2.484907
-2.079442
-2.079442
-2.197225
-1.791759
-1.386294
-2.197225
-1.791759
-2.302585
-0.693147
-4.290459
-3.178054
-3.178054
-2.833213
-2.833213
-3.332205
-2.302585
-2.197225
-2.484907
-2.302585
-2.564949
-2.197225
-1.945910
-1.791759
-1.945910
-1.609438
-1.791759
-1.386294
-1.609438
-1.945910
-4.406719
-2.944439
-3.218876
-3.044522
-2.944439
-2.890372
-2.708050
-2.079442
-2.564949
-2.397895
-1.945910
-2.197225
-1.945910
-2.197225
-2.484907
-1.609438
-1.386294
-1.609438
-2.079442
-1.386294
-4.127134
-3.091042
-2.708050
-2.890372
-3.258097
-2.639057
-2.564949
-2.397895
-2.484907
-2.079442
-2.197225
-1.609438
-1.791759
-1.386294
-1.609438
-1.386294
-1.098612
0.000000
-2.197225
-0.693147
-3.988984
-3.044522
-2.079442
-2.397895
-2.708050
-2.995732
-2.484907
-2.302585
-2.079442
-2.197225
-1.791759
-2.397895
-2.197225
-1.098612
-1.609438
-1.098612
-1.386294
-1.386294
-1.386294
-1.386294
-3.828641
-2.708050
-2.397895
-2.944439
-2.944439
-2.708050
-2.079442
-2.302585
-2.079442
-2.397895
-1.609438
-1.945910
-1.791759
-1.098612
-1.386294
-1.609438
-1.609438
-2.302585
-1.791759
-0.693147
-4.077537
-2.890372
-2.772589
-2.564949
-2.484907
-2.302585
-1.386294
-2.484907
-2.484907
-2.397895
-0.693147
-1.945910
-0.693147
0.000000
-0.693147
-1.609438
-1.098612
-0.693147
-0.693147
-1.386294
-3.806662
-2.484907
-2.944439
-2.079442
-2.639057
-2.639057
-1.945910
-2.079442
-1.386294
-1.609438
-2.484907
-1.791759
-1.609438
-1.945910
-1.945910
-0.693147
0.000000
-1.386294
0.000000
-1.098612
