10 10 20 20
-4.615121
-4.406719
-4.304065
-4.204693
-4.317488
-3.931826
-3.891820
-3.761200
-3.433987
-3.713572
-3.526361
-3.295837
-3.218876
-3.218876
-3.135494
-3.218876
-2.708050
-2.944439
-2.397895
-2.397895
-5.468060
-4.204693
-4.158883
-4.060443
-3.912023
-3.610918
-3.951244
-3.555348
-3.332205
-3.583519
-3.401197
-3.367296
-3.091042
-3.178054
-3.295837
-3.091042
-2.995732
-2.397895
-3.044522
-1.945910
-5.068904
-4.219508
-3.850148
-4.077537
-3.610918
-3.891820
-3.806662
-3.761200
-3.713572
-3.433987
-3.135494
-3.135494
-3.135494
-2.833213
-2.995732
-2.484907
-2.639057
-2.833213
-2.484907
-2.564949
-5.099866
-3.931826
-4.204693
-3.806662
-3.737670
-3.496508
-3.433987
-3.465736
-3.526361
-3.332205
-2.995732
-2.639057
-3.496508
-2.484907
-2.708050
-2.708050
-2.302585
-2.639057
-2.484907
-2.197225
-5.036953
-4.025352
-3.806662
-3.295837
-3.555348
-3.465736
-3.496508
-3.178054
-3.332205
-3.295837
-3.178054
-3.465736
-3.218876
-2.772589
-2.944439
-2.890372
-2.079442
-2.302585
-2.397895
-1.791759
-4.941642
-3.784190
-3.891820
-3.912023
-3.713572
-3.663562
-2.995732
-3.332205
-2.995732
-3.091042
-2.772589
-2.944439
-2.639057
-2.397895
-2.772589
-2.639057
-2.079442
-2.302585
-2.302585
-2.397895
-5.023881
-4.060443
-3.713572
-3.637586
-3.737670
-3.218876
-3.465736
-3.332205
-2.639057
-2.995732
-2.639057
-2.890372
-2.397895
-2.197225
-2.197225
-2.197225
-1.791759
-1.791759
-1.386294
-1.791759
-4.787492
-3.583519
-3.526361
-3.610918
-3.178054
-3.295837
-3.258097
-3.135494
-3.091042
-2.639057
-2.890372
-2.708050
-2.772589
-2.197225
-2.197225
-2.302585
-2.302585
-1.609438
-2.772589
-2.079442
-4.736198
-3.496508
-3.583519
-3.332205
-3.367296
-3.135494
-3.135494
-2.708050
-2.639057
-2.564949
-2.944439
-2.944439
-2.995732
-2.197225
-2.484907
-2.079442
-2.564949
-1.098612
-1.945910
-1.386294
-4.634729
-3.610918
-3.637586
-3.258097
-3.433987
-3.526361
-2.772589
-2.944439
-2.890372
-2.833213
-1.945910
-2.079442
-2.302585
-2.197225
-2.484907
-1.945910
-2.397895
-1.386294
-2.397895
-1.609438
-4.442651
-3.295837
-3.258097
-3.332205
-3.218876
-2.833213
-2.995732
-2.833213
-2.639057
-2.708050
-2.833213
-2.079442
-1.791759
-2.484907
-2.302585
-2.564949
-1.609438
-1.791759
-1.098612
-1.098612
-4.499810
-3.135494
-3.218876
-2.944439
-2.890372
-2.639057
-2.564949
-2.639057
-2.484907
-2.890372
-1.791759
-1.609438
-2.564949
-2.197225
-2.484907
-1.791759
-1.609438
-1.098612
-1.386294
-1.791759
-4.219508
-2.890372
-3.091042
-2.890372
-2.639057
-2.397895
-2.484907
-2.772589
-2.564949
-2.302585
-2.197225
-2.079442
-2.708050
-2.397895
-1.791759
-2.302585
-2.484907
-1.386294
-1.609438
-1.386294
-4.219508
-3.433987
-3.218876
-2.833213
-2.944439
-2.833213
-2.708050
-2.564949
-1.945910
-2.708050
-2.197225
-2.484907
-1.945910
-2.079442
-1.791759
-1.098612
-1.098612
-0.693147
-1.098612
0.000000
-3.891820
-3.332205
-3.178054
-2.995732
-2.890372
-2.564949
-2.772589
-2.397895
-2.484907
-1.945910
-1.609438
-2.397895
-2.302585
-1.791759
-1.098612
-0.693147
-0.693147
-1.791759
-0.693147
-1.945910
-4.060443
-3.178054
-2.564949
-2.890372
-2.397895
-2.484907
-1.945910
-2.484907
-2.397895
-1.945910
-1.386294
-0.693147
-1.945910
-2.197225
-1.098612
0.000000
-0.693147
-1.386294
-1.386294
-1.386294
-3.806662
-3.044522
-2.995732
-2.772589
-2.639057
-2.197225
-2.079442
-2.197225
-2.197225
-1.386294
-1.945910
-1.945910
-1.609438
-0.693147
-1.609438
0.000000
-0.693147
-1.609438
-0.693147
-1.609438
-3.688879
-2.302585
-2.397895
-2.302585
-2.944439
-2.772589
-2.397895
-2.197225
-1.945910
-1.098612
-1.609438
-1.609438
-1.386294
-1.386294
-1.609438
0.000000
-1.386294
-1.098612
-1.386294
0.000000
-3.555348
-2.639057
-2.772589
-2.639057
-2.772589
-2.079442
-2.772589
-2.079442
-1.945910
-1.098612
-2.302585
-2.302585
-0.693147
-1.945910
-1.945910
-1.791759
-1.098612
-0.693147
-1.098612
0.000000
-3.295837
-1.945910
-2.564949
-1.791759
-2.302585
-0.693147
-2.302585
-1.945910
-2.079442
-1.386294
-2.079442
-1.098612
-1.791759
-1.386294
0.000000
0.000000
-0.693147
-0.693147
-0.693147
-1.098612
