10 10 20 20
-4.624973
-4.521789
-4.290459
-4.110874
-4.043051
-3.850148
-3.828641
-4.060443
-3.713572
-3.688879
-3.555348
-3.258097
-2.890372
-3.713572
-2.944439
-2.708050
-2.708050
-2.484907
-2.708050
-2.639057
-5.323010
-4.094345
-4.094345
-3.931826
-4.127134
-3.931826
-3.828641
-3.688879
-3.713572
-3.295837
-3.496508
-3.218876
-3.496508
-3.258097
-3.218876
-2.944439
-2.833213
-2.302585
-2.995732
-3.091042
-5.463832
-4.356709
-4.077537
-3.931826
-3.784190
-3.970292
-3.970292
-3.688879
-3.637586
-3.496508
-2.833213
-3.295837
-2.890372
-2.890372
-2.772589
-2.639057
-3.178054
-2.708050
-2.708050
-2.397895
-5.147494
-3.850148
-4.007333
-4.025352
-3.931826
-3.496508
-3.496508
-3.433987
-3.637586
-3.433987
-2.944439
-3.295837
-2.708050
-2.772589
-2.639057
-2.833213
-1.945910
-2.397895
-2.484907
-2.079442
-5.129899
-3.988984
-4.094345
-3.637586
-3.610918
-3.496508
-3.713572
-3.433987
-3.178054
-2.944439
-3.496508
-2.890372
-2.708050
-2.564949
-2.564949
-2.564949
-2.639057
-1.791759
-2.079442
-2.564949
-4.919981
-4.025352
-3.784190
-3.784190
-3.761200
-3.401197
-3.367296
-3.332205
-3.367296
-3.401197
-2.833213
-2.890372
-2.397895
-2.995732
-1.945910
-2.397895
-2.197225
-2.302585
-1.945910
-2.197225
-4.812184
-3.891820
-3.828641
-3.295837
-3.663562
-3.332205
-3.367296
-2.708050
-3.258097
-2.484907
-2.833213
-2.833213
-2.639057
-2.708050
-2.564949
-2.708050
-2.302585
-2.302585
-0.693147
-2.197225
-4.753590
-3.713572
-3.688879
-3.367296
-3.583519
-3.713572
-2.833213
-2.944439
-2.079442
-2.639057
-2.833213
-2.890372
-2.484907
-2.397895
-2.484907
-2.079442
-2.079442
-1.609438
-2.079442
-1.609438
-4.753590
-3.465736
-3.433987
-3.091042
-3.555348
-3.465736
-3.218876
-2.890372
-2.995732
-2.484907
-2.890372
-2.484907
-2.944439
-1.791759
-2.772589
-1.791759
-2.302585
-2.197225
-2.484907
-2.302585
-4.510860
-3.555348
-3.526361
-3.332205
-3.091042
-3.218876
-2.944439
-2.197225
-3.044522
-2.639057
-2.890372
-1.945910
-1.791759
-2.484907
-2.302585
-1.609438
-2.079442
-1.609438
-2.197225
-1.791759
-4.406719
-3.044522
-3.332205
-3.433987
-3.433987
-3.091042
-2.772589
-2.890372
-2.708050
-2.197225
-2.197225
-1.609438
-1.386294
-2.564949
-1.609438
-1.791759
-1.791759
-1.098612
-1.945910
-1.609438
-4.248495
-3.555348
-2.944439
-3.218876
-2.944439
-2.890372
-2.564949
-2.772589
-2.197225
-2.484907
-1.945910
-2.397895
-2.397895
-2.484907
-1.791759
-2.079442
-2.197225
-1.098612
-1.791759
-1.386294
-4.304065
-3.401197
-2.772589
-3.178054
-2.995732
-2.944439
-2.833213
-3.218876
-2.564949
-2.772589
-2.484907
-2.639057
-1.609438
-2.302585
-2.197225
-1.791759
-1.609438
-2.197225
0.000000
-1.791759
-4.174387
-3.583519
-3.091042
-2.833213
-2.564949
-3.135494
-1.609438
-2.197225
-2.197225
-2.484907
-2.079442
-1.945910
-1.609438
-2.079442
-1.791759
-1.609438
-1.386294
-1.386294
-0.693147
-1.791759
-4.043051
-2.890372
-2.890372
-2.708050
-2.564949
-2.302585
-1.791759
-2.302585
-2.197225
-1.791759
-2.079442
-2.079442
-2.197225
-2.302585
-1.098612
-1.609438
-1.098612
1
-1.098612
-1.609438
-3.988984
-3.044522
-2.944439
-2.484907
-2.197225
-2.639057
-2.302585
-2.397895
-2.484907
-2.484907
-1.791759
-1.791759
-0.693147
-1.945910
-1.386294
-1.386294
-1.945910
-0.693147
-0.693147
-0.693147
-3.713572
-2.833213
-2.944439
-2.890372
-2.079442
-2.484907
-2.197225
-2.197225
-2.197225
-2.708050
-1.791759
-2.079442
-2.079442
-1.386294
-1.609438
-1.098612
-0.693147
-1.098612
-1.098612
-0.693147
-3.951244
-2.397895
-2.397895
-1.945910
-2.197225
-1.945910
-1.609438
-2.639057
-1.098612
-1.945910
-1.098612
-1.609438
-1.609438
-0.693147
-1.098612
-1.386294
-1.386294
1
-1.609438
-1.098612
-3.663562
-2.079442
-2.708050
-2.079442
-2.484907
-2.302585
-1.386294
-1.791759
-1.386294
-0.693147
-1.791759
-2.079442
-1.945910
-1.609438
0.000000
0.000000
-1.098612
-1.098612
-0.693147
-1.098612
-3.465736
-2.302585
-2.079442
-2.484907
-2.302585
-2.708050
-1.791759
-1.791759
-1.609438
-1.609438
-1.098612
-1.386294
-1.098612
-1.945910
-0.693147
0.000000
-1.386294
0.000000
-1.098612
0.000000
