10 10 20 20
1
1
1
1
1
1
1
1
1
1
1
1
1
1
1
1
1
1
1
1
1
1
1
1
1
1
1
1
1
1
1
1
1
1
1
1
1
1
1
1
1
1
1
1
1
1
1
1
1
1
1
1
1
1
1
1
1
1
1
1
1
1
1
1
1
1
1
1
1
1
1
1
1
1
1
1
1
1
1
1
1
1
1
1
1
1
1
1
1
-1.098612
-1.098612
1
1
1
1
1
1
1
1
1
1
1
1
1
1
0.000000
0.000000
1
-1.791759
-2.397895
-1.386294
-1.609438
-1.386294
1
1
1
1
1
1
1
1
1
1
1
1
1
-0.693147
-2.772589
-3.688879
-3.891820
-3.737670
-3.496508
-1.609438
-1.609438
1
1
1
1
1
1
1
1
1
1
0.000000
-0.693147
-2.772589
-3.891820
-4.605170
-5.062595
-5.117994
-4.762174
-3.828641
-2.772589
-0.693147
1
1
1
1
1
1
1
1
1
-1.386294
-1.098612
-3.218876
-4.543295
-5.648974
-5.973810
-5.968708
-5.513429
-4.605170
-3.258097
-2.079442
-1.098612
1
1
1
1
1
1
1
1
-0.693147
-2.397895
-3.871201
-5.209486
-5.983936
-6.386879
-6.418365
-6.008813
-5.214936
-3.970292
-2.197225
1
1
1
1
1
1
1
1
1
0.000000
-2.397895
-3.871201
-5.247024
-6.037871
-6.391917
-6.390241
-6.033086
-5.036953
-3.761200
-2.772589
0.000000
1
1
1
1
1
1
1
1
1
-1.945910
-3.295837
-4.672829
-5.545177
-6.001415
-6.023448
-5.521461
-4.727388
-3.583519
1
1
1
1
1
1
1
1
1
1
1
-0.693147
-2.302585
-3.555348
-4.691348
-5.170484
-5.111988
-4.653960
-3.912023
-2.708050
0.000000
1
1
1
1
1
1
1
1
1
1
1
-0.693147
-2.833213
-3.496508
-4.025352
-3.737670
-3.583519
-2.397895
-1.791759
1
1
1
1
1
1
1
1
1
1
1
1
1
0.000000
-1.945910
-2.079442
-2.302585
-1.386294
-1.098612
0.000000
1
1
1
1
1
1
1
1
1
1
1
1
1
1
1
-0.693147
1
0.000000
1
1
1
1
1
1
1
1
1
1
1
1
1
1
1
1
1
0.000000
1
1
1
1
1
1
1
1
1
1
1
1
1
1
1
1
1
1
1
1
1
1
1
1
1
1
1
1
1
1
1
1
1
1
1
1
1
1
1
1
1
1
1
1
1
1
1
1
1
1
1
1
1
1
1
1
1
1
1
1
1
1
1
1
1
1
1
1
1
1
