10 10 20 20
-4.488636
-4.442651
-4.276666
-4.248495
-4.276666
-4.043051
-3.912023
-3.970292
-3.737670
-3.496508
-3.367296
-3.295837
-3.218876
-2.944439
-3.433987
-2.708050
-3.135494
-2.708050
-2.484907
-2.397895
-5.293305
-4.343805
-4.343805
-3.951244
-3.988984
-3.970292
-3.951244
-3.806662
-3.713572
-3.258097
-3.526361
-3.496508
-3.258097
-2.995732
-2.890372
-2.995732
-2.890372
-2.484907
-2.302585
-2.564949
-5.192957
-3.891820
-4.060443
-3.988984
-3.713572
-3.988984
-3.871201
-3.555348
-3.713572
-3.295837
-3.367296
-2.564949
-2.944439
-3.178054
-2.772589
-2.484907
-2.484907
-2.772589
-2.079442
-2.197225
-5.318120
-4.094345
-3.806662
-3.931826
-3.828641
-3.713572
-3.295837
-3.044522
-3.178054
-3.526361
-3.367296
-2.995732
-3.044522
-3.091042
-2.484907
-2.995732
-2.197225
-2.639057
-1.609438
-1.609438
-4.962845
-3.912023
-4.007333
-3.761200
-3.737670
-3.433987
-3.367296
-3.583519
-3.367296
-3.218876
-2.944439
-3.135494
-2.890372
-2.772589
-2.708050
-2.833213
-2.397895
-1.098612
-1.609438
-2.302585
-5.036953
-4.127134
-3.988984
-3.555348
-3.784190
-3.663562
-3.178054
-2.995732
-3.465736
-2.708050
-2.995732
-2.639057
-2.772589
-2.708050
-2.639057
-2.484907
-2.564949
-1.945910
-2.079442
-2.564949
-4.672829
-3.663562
-3.496508
-3.761200
-3.555348
-3.332205
-3.135494
-3.178054
-2.772589
-3.218876
-2.639057
-2.995732
-2.833213
-2.484907
-2.397895
-2.564949
-2.079442
-2.302585
-2.079442
-2.564949
-4.672829
-3.806662
-3.555348
-3.496508
-3.637586
-3.401197
-3.178054
-3.091042
-2.772589
-3.044522
-2.079442
-2.708050
-2.302585
-2.484907
-2.564949
-1.386294
-2.484907
-2.197225
-1.945910
-1.609438
-4.762174
-3.555348
-3.663562
-3.367296
-3.433987
-3.258097
-3.091042
-3.135494
-2.708050
-2.772589
-2.302585
-2.079442
-2.833213
-1.791759
-2.197225
-1.791759
-2.197225
-2.079442
-1.609438
-1.386294
-4.644391
-3.931826
-3.610918
-3.555348
-2.833213
-3.135494
-3.295837
-2.833213
-2.564949
-2.708050
-2.639057
-3.135494
-2.639057
-2.639057
-2.397895
-2.079442
-1.609438
-1.386294
-1.945910
-1.386294
-4.442651
-3.433987
-2.944439
-3.178054
-2.995732
-3.178054
-2.708050
-2.197225
-2.639057
-2.890372
-2.302585
-2.484907
-2.397895
-2.197225
-2.708050
-2.302585
-1.386294
-2.564949
-0.693147
-1.609438
-4.543295
-3.091042
-3.258097
-3.465736
-3.135494
-2.708050
-2.484907
-2.564949
-1.945910
-2.995732
-2.302585
-2.079442
-2.564949
-2.079442
-2.079442
-2.079442
-1.945910
-1.609438
-1.791759
-1.609438
-4.317488
-3.135494
-3.178054
-3.091042
-2.890372
-2.397895
-3.044522
-2.833213
-2.639057
-2.302585
-2.564949
-2.197225
-2.079442
-2.397895
-2.484907
-1.386294
-1.945910
-1.945910
-1.098612
-1.098612
-4.127134
-3.367296
-2.708050
-2.833213
-2.564949
-2.772589
-2.397895
-1.791759
-2.564949
-2.484907
-1.386294
-2.302585
-1.609438
-2.079442
-2.397895
-1.945910
-1.609438
-1.386294
-1.098612
-0.693147
-4.248495
-3.135494
-3.044522
-2.833213
-2.397895
-2.639057
-2.639057
-1.945910
-2.890372
-1.609438
-1.609438
-1.945910
-2.079442
-1.945910
-1.098612
-1.098612
-2.197225
-0.693147
-1.098612
0.000000
-4.007333
-2.708050
-2.995732
-2.639057
-3.044522
-2.772589
-1.945910
-2.197225
-2.564949
-2.079442
-2.079442
-2.079442
-2.079442
-1.609438
-2.197225
-1.609438
-1.386294
-0.693147
-0.693147
-1.098612
-3.988984
-2.564949
-2.944439
-2.890372
-2.639057
-1.791759
-2.944439
-2.079442
-2.397895
-2.197225
-1.098612
-0.693147
-1.609438
-1.791759
-1.098612
-2.079442
-1.945910
-1.098612
-1.098612
-1.386294
-3.663562
-2.397895
-2.484907
-2.833213
-1.791759
-2.302585
-2.079442
-2.302585
-1.791759
-1.945910
-2.302585
-1.791759
-1.386294
-0.693147
-1.098612
-1.098612
0.000000
-1.609438
-0.693147
-0.693147
-3.583519
-2.079442
-2.079442
-1.791759
-2.197225
-2.197225
-2.197225
-2.197225
-1.791759
-1.945910
-1.791759
-1.609438
-0.693147
-1.609438
-2.079442
-1.386294
-0.693147
-1.386294
-1.098612
1
-3.401197
-2.639057
-1.791759
-2.302585
-2.197225
-2.397895
-1.945910
-2.302585
-1.791759
-1.386294
-1.386294
-1.945910
-0.693147
-0.693147
-0.693147
-0.693147
-0.693147
-1.098612
-1.386294
0.000000
