10 10 20 20
-4.624973
-4.276666
-4.304065
-4.025352
-4.077537
-3.931826
-3.713572
-3.951244
-3.610918
-3.891820
-3.761200
-3.367296
-3.135494
-3.295837
-3.218876
-3.332205
-2.833213
-2.484907
-2.944439
-2.772589
-5.303305
-4.317488
-4.262680
-4.007333
-4.174387
-3.850148
-3.951244
-3.828641
-3.555348
-3.828641
-3.555348
-3.332205
-3.091042
-2.944439
-2.833213
-3.044522
-2.708050
-2.302585
-2.639057
-2.564949
-5.181784
-4.234107
-4.060443
-4.143135
-3.891820
-3.496508
-3.637586
-3.828641
-3.465736
-3.367296
-3.465736
-3.295837
-2.708050
-2.833213
-2.564949
-2.708050
-2.639057
-2.302585
-2.772589
-1.791759
-5.147494
-4.060443
-4.025352
-4.025352
-3.806662
-3.610918
-3.178054
-3.663562
-3.663562
-3.433987
-3.091042
-3.332205
-2.944439
-2.995732
-2.197225
-2.302585
-2.397895
-2.708050
-2.944439
-2.197225
-5.049856
-4.007333
-4.043051
-3.737670
-3.850148
-3.663562
-3.465736
-3.526361
-3.401197
-2.995732
-3.178054
-3.258097
-2.639057
-2.639057
-2.890372
-2.833213
-2.197225
-2.708050
-2.564949
-2.197225
-4.890349
-3.970292
-3.784190
-3.555348
-3.688879
-3.663562
-3.295837
-3.295837
-3.178054
-3.135494
-3.135494
-3.091042
-2.484907
-2.397895
-2.197225
-2.079442
-2.079442
-2.079442
-2.484907
-1.945910
-4.934474
-3.663562
-3.850148
-3.610918
-3.663562
-3.433987
-3.496508
-2.944439
-3.433987
-3.218876
-3.135494
-2.772589
-2.484907
-2.772589
-2.302585
-2.302585
-2.708050
-2.397895
-1.609438
-1.098612
-4.753590
-3.761200
-3.663562
-3.663562
-3.091042
-3.401197
-2.995732
-3.178054
-2.833213
-3.135494
-2.302585
-2.944439
-2.772589
-2.197225
-2.397895
-2.564949
-1.791759
-2.397895
-1.609438
-2.302585
-4.584967
-3.871201
-3.433987
-2.890372
-2.772589
-2.944439
-3.218876
-3.218876
-2.995732
-2.833213
-2.302585
-2.484907
-2.079442
-1.609438
-2.197225
-2.484907
-1.791759
-2.079442
-2.302585
-1.098612
-4.442651
-3.583519
-3.610918
-3.295837
-3.044522
-3.178054
-3.258097
-2.772589
-2.944439
-2.708050
-1.386294
-2.079442
-2.484907
-1.945910
-1.386294
-2.197225
-2.079442
-1.609438
-2.197225
-1.386294
-4.276666
-3.465736
-3.091042
-3.433987
-2.708050
-3.295837
-3.367296
-2.484907
-2.639057
-2.484907
-2.890372
-2.397895
-2.197225
-2.302585
-2.197225
-1.791759
-2.079442
-2.079442
-0.693147
-2.197225
-4.356709
-3.583519
-3.332205
-3.044522
-3.401197
-3.178054
-2.708050
-2.833213
-2.079442
-2.397895
-2.564949
-2.564949
-2.079442
-2.564949
-2.397895
-1.386294
-2.397895
-2.079442
-0.693147
-1.791759
-4.094345
-2.772589
-3.258097
-2.639057
-3.367296
-2.397895
-2.302585
-2.833213
-2.484907
-2.079442
-2.564949
-2.079442
-1.791759
-2.197225
-2.197225
-1.386294
-1.945910
-1.386294
-1.386294
-1.609438
-4.204693
-3.091042
-3.218876
-2.890372
-2.944439
-2.639057
-2.564949
-2.079442
-2.564949
-2.397895
-1.945910
-2.197225
-1.791759
-1.609438
-2.197225
-1.791759
-1.098612
-2.079442
-0.693147
-1.609438
-3.988984
-3.091042
-3.258097
-2.833213
-2.833213
-2.302585
-2.484907
-2.772589
-2.397895
-1.791759
-2.484907
-2.079442
-2.397895
-1.945910
-1.098612
-1.098612
-1.098612
-1.609438
-0.693147
-1.098612
-3.688879
-2.397895
-2.772589
-2.397895
-2.995732
-1.791759
-2.397895
-1.791759
-2.564949
-2.302585
-2.079442
-0.693147
0.000000
-1.386294
-1.098612
-1.386294
-1.386294
-1.098612
-1.098612
-1.609438
-3.663562
-2.639057
-2.708050
-2.484907
-2.484907
-2.397895
-2.564949
-2.564949
-1.791759
-1.386294
-1.791759
-2.079442
-1.609438
-1.609438
-1.791759
0.000000
-1.609438
-1.791759
-1.098612
-1.386294
-3.555348
-2.772589
-2.302585
-2.772589
-1.791759
-2.197225
-2.484907
-2.302585
-2.302585
-1.945910
-1.791759
-1.386294
-1.609438
-1.386294
-1.945910
-1.609438
-1.609438
-1.386294
0.000000
-1.098612
-3.637586
-2.639057
-2.564949
-1.791759
-1.945910
-1.791759
-2.197225
-2.079442
-1.791759
-1.386294
-1.386294
-1.791759
-1.945910
-0.693147
-1.386294
-1.791759
-1.098612
-0.693147
-0.693147
0.000000
-3.637586
-1.945910
-2.564949
-2.079442
-1.945910
-2.484907
-2.079442
-1.791759
-1.791759
-1.609438
-1.386294
-1.386294
-1.386294
-1.609438
-1.791759
-1.791759
-1.098612
-1.609438
-0.693147
1
