10 10 20 20
-4.521789
-4.356709
-4.234107
-4.317488
-3.951244
-3.988984
-3.891820
-3.931826
-3.871201
-3.583519
-3.433987
-3.332205
-3.218876
-3.295837
-3.295837
-2.197225
-3.044522
-2.890372
-2.833213
-3.091042
-5.313206
-4.382027
-4.189655
-4.174387
-4.007333
-3.828641
-3.806662
-3.367296
-3.583519
-3.761200
-3.496508
-3.218876
-3.583519
-3.218876
-3.295837
-2.833213
-3.135494
-2.484907
-2.944439
-2.397895
-5.273000
-4.304065
-4.025352
-3.891820
-3.806662
-3.784190
-3.737670
-3.688879
-3.713572
-3.367296
-3.465736
-3.332205
-2.995732
-2.772589
-2.564949
-2.833213
-2.197225
-2.772589
-2.397895
-2.484907
-5.209486
-3.761200
-4.025352
-4.007333
-3.583519
-3.295837
-3.784190
-3.637586
-3.465736
-3.496508
-3.258097
-2.564949
-2.302585
-3.091042
-2.484907
-2.079442
-2.833213
-2.302585
-2.639057
-2.079442
-5.003946
-3.871201
-3.912023
-4.077537
-3.401197
-3.688879
-3.044522
-3.178054
-3.091042
-2.944439
-3.135494
-2.944439
-3.044522
-2.995732
-2.564949
-2.833213
-2.397895
-2.890372
-2.639057
-2.302585
-4.962845
-4.110874
-3.871201
-3.784190
-3.465736
-3.433987
-3.218876
-2.833213
-2.944439
-3.258097
-2.708050
-3.044522
-2.708050
-2.772589
-2.197225
-2.197225
-1.791759
-0.693147
-2.197225
-2.197225
-5.075174
-3.871201
-3.401197
-3.713572
-3.610918
-3.332205
-2.708050
-3.091042
-3.178054
-3.135494
-2.484907
-2.564949
-2.772589
-2.564949
-2.564949
-2.302585
-2.397895
-2.397895
-2.564949
-2.197225
-4.787492
-3.688879
-3.555348
-3.178054
-3.367296
-3.218876
-2.833213
-3.367296
-3.091042
-3.135494
-2.708050
-2.564949
-2.397895
-2.197225
-2.397895
-2.484907
-1.609438
-2.484907
-1.945910
-2.197225
-4.644391
-3.737670
-3.555348
-3.583519
-3.332205
-3.044522
-2.708050
-2.995732
-2.772589
-2.995732
-2.197225
-2.197225
-2.484907
-2.484907
-2.302585
-1.098612
-1.386294
-1.791759
-1.791759
-1.609438
-4.691348
-3.332205
-3.526361
-3.496508
-2.833213
-3.044522
-2.890372
-3.044522
-2.890372
-3.044522
-2.197225
-2.564949
-2.484907
-2.772589
-2.197225
-2.197225
-2.302585
-1.098612
-1.609438
-1.791759
-4.488636
-3.178054
-3.295837
-3.178054
-2.639057
-3.258097
-3.178054
-2.564949
-2.944439
-2.944439
-2.484907
-2.772589
-2.197225
-2.639057
-1.791759
-1.791759
-1.386294
-1.386294
-1.609438
-1.945910
-4.369448
-3.555348
-3.465736
-3.178054
-3.091042
-3.178054
-2.890372
-2.772589
-2.564949
-2.302585
-1.945910
-1.791759
-2.639057
-2.197225
-2.397895
-1.609438
-1.609438
-2.079442
-0.693147
-1.386294
-4.110874
-3.218876
-3.526361
-2.833213
-2.639057
-2.484907
-2.833213
-2.639057
-1.945910
-2.639057
-1.945910
-1.945910
-2.197225
-2.079442
-1.945910
-1.945910
-1.386294
-1.791759
-1.386294
-1.098612
-4.143135
-3.044522
-3.044522
-2.772589
-3.091042
-2.772589
-2.197225
-2.484907
-2.197225
-2.772589
-2.564949
-1.945910
-1.098612
-1.791759
-1.945910
-2.197225
-1.609438
0.000000
-1.609438
-0.693147
-3.988984
-3.433987
-2.639057
-2.944439
-2.708050
-1.945910
-2.302585
-2.302585
-1.945910
-2.197225
-1.609438
-1.945910
-1.791759
-2.079442
-1.098612
-1.609438
-1.098612
-1.098612
-1.609438
0.000000
-3.970292
-2.564949
-2.564949
-2.708050
-2.484907
-2.302585
-2.772589
-2.079442
-2.197225
-2.197225
-2.302585
-2.079442
-1.098612
-1.609438
-1.098612
-1.945910
-1.098612
-1.609438
0.000000
-0.693147
-3.806662
-2.397895
-2.708050
-2.397895
-3.135494
-1.791759
-1.945910
-2.708050
-2.397895
-1.386294
-2.484907
-2.197225
-2.397895
-1.609438
0.000000
-1.098612
-1.609438
-0.693147
-1.609438
0.000000
-3.737670
-3.135494
-2.708050
-2.484907
-2.302585
-1.609438
-2.833213
-2.302585
-2.079442
-2.079442
-1.791759
-0.693147
0.000000
-2.197225
-1.609438
-1.791759
-1.791759
-1.386294
-0.693147
-1.098612
-3.583519
-2.564949
-2.995732
-1.945910
-2.079442
-2.197225
-2.564949
-1.386294
-2.079442
-1.791759
-2.197225
-1.945910
-1.386294
0.000000
-1.609438
-1.386294
-1.098612
-1.386294
-1.609438
-1.098612
-3.465736
-2.639057
-1.791759
-2.564949
-1.791759
-2.197225
-2.302585
-1.945910
-1.609438
-1.609438
-1.791759
-1.098612
-1.386294
-1.609438
-1.098612
-1.386294
-0.693147
-1.386294
-0.693147
1
