10 10 20 20
1
1
1
1
1
1
1
1
1
1
1
1
1
1
1
1
1
1
1
1
1
1
1
1
1
1
1
1
0.000000
1
1
1
1
1
1
1
1
1
1
1
1
1
1
1
-0.693147
1
-1.609438
-1.791759
-0.693147
-0.693147
1
1
1
1
1
1
1
1
1
1
1
1
1
0.000000
0.000000
-1.609438
-2.772589
-2.944439
-3.135494
-2.302585
-1.609438
0.000000
1
1
1
1
1
1
1
1
1
1
1
0.000000
-2.564949
-3.367296
-4.564348
-4.510860
-4.406719
-3.583519
-2.564949
-1.098612
1
1
1
1
1
1
1
1
1
0.000000
-0.693147
-2.484907
-3.828641
-4.795791
-5.517453
-5.638355
-5.416100
-4.787492
-3.663562
-2.397895
-1.098612
1
1
1
1
1
1
1
1
1
-1.609438
-2.484907
-4.672829
-5.389072
-6.115892
-6.342121
-6.159095
-5.361292
-4.442651
-2.833213
1
0.000000
1
1
1
1
1
1
1
1
-1.098612
-3.258097
-4.477337
-5.676754
-6.295266
-6.551080
-6.333280
-5.683580
-4.488636
-3.401197
-1.791759
1
1
1
1
1
1
1
1
0.000000
-1.098612
-2.944439
-4.262680
-5.525453
-6.021023
-6.297109
-6.161207
-5.451038
-4.204693
-2.833213
-1.386294
1
1
1
1
1
1
1
1
0.000000
-1.098612
-1.945910
-3.828641
-4.905275
-5.337538
-5.659482
-5.517453
-4.744932
-3.850148
-1.791759
-0.693147
1
1
1
1
1
1
1
1
1
1
-1.098612
-3.135494
-3.367296
-4.174387
-4.532599
-4.317488
-3.637586
-2.708050
-0.693147
0.000000
1
1
1
1
1
1
1
1
1
1
1
-1.609438
-1.945910
-2.833213
-2.995732
-2.708050
-2.397895
-0.693147
0.000000
1
1
1
1
1
1
1
1
1
1
1
1
-1.098612
-0.693147
0.000000
-1.609438
-0.693147
-1.386294
0.000000
1
1
1
1
1
1
1
1
1
1
1
1
1
1
1
1
1
1
1
1
1
1
1
1
1
1
1
1
1
1
1
1
1
1
1
1
1
1
1
1
1
1
1
1
1
1
1
1
1
1
1
1
1
1
1
1
1
1
1
1
1
1
1
1
1
1
1
1
1
1
1
1
1
1
1
1
1
1
1
1
1
1
1
1
1
1
1
1
1
1
1
1
1
1
1
1
1
1
1
1
1
1
1
1
1
1
1
1
1
1
1
1
1
1
1
1
1
1
1
1
1
1
1
1
1
1
1
1
1
1
1
1
1
1
1
1
1
1
1
1
1
1
1
1
1
1
1
1
1
