10 10 20 20
1
-0.693147
-0.693147
-1.791759
-1.945910
-2.484907
-2.397895
-1.791759
1
0.000000
1
1
1
1
1
1
1
1
1
1
0.000000
-1.609438
-2.079442
-3.688879
-3.713572
-3.688879
-3.465736
-2.639057
-1.609438
0.000000
1
1
1
1
1
1
1
1
1
1
-1.098612
-2.397895
-3.610918
-4.762174
-5.056246
-5.111988
-4.867534
-3.951244
-2.197225
-0.693147
1
1
1
1
1
1
1
1
1
1
-1.609438
-3.663562
-4.634729
-5.572154
-5.961005
-5.937536
-5.455321
-4.653960
-2.890372
-1.609438
-0.693147
1
1
1
1
1
1
1
1
1
-1.791759
-4.043051
-5.303305
-6.013715
-6.444131
-6.455199
-5.926926
-5.159055
-3.871201
-2.197225
-0.693147
1
0.000000
1
1
1
1
1
1
1
-2.197225
-3.737670
-5.198497
-6.021023
-6.408529
-6.380123
-6.016157
-5.099866
-3.912023
-2.484907
0.000000
1
1
1
1
1
1
1
1
1
-1.386294
-3.583519
-4.718499
-5.594711
-5.926926
-6.008813
-5.513429
-4.553877
-3.332205
-1.791759
-0.693147
1
1
1
1
1
1
1
1
1
-1.098612
-2.890372
-3.970292
-4.532599
-5.141664
-5.198497
-4.867534
-3.931826
-2.772589
-0.693147
1
1
1
1
1
1
1
1
1
1
0.000000
-1.791759
-2.484907
-3.496508
-3.583519
-3.663562
-3.295837
-2.772589
-0.693147
0.000000
1
1
1
1
1
1
1
1
1
1
1
1
-1.098612
-1.098612
-2.397895
-2.397895
-2.197225
-0.693147
1
1
1
1
1
1
1
1
1
1
1
1
1
1
0.000000
1
-0.693147
0.000000
1
1
1
1
1
1
1
1
1
1
1
1
1
1
1
1
1
1
1
1
1
1
1
1
1
1
1
1
1
1
1
1
1
1
1
1
1
1
1
1
1
1
1
1
1
1
1
1
1
1
1
1
1
1
1
1
1
1
1
1
1
1
1
1
1
1
1
1
1
1
1
1
1
1
1
1
1
1
1
1
1
1
1
1
1
1
1
1
1
1
1
1
1
1
1
1
1
1
1
1
1
1
1
1
1
1
1
1
1
1
1
1
1
1
1
1
1
1
1
1
1
1
1
1
1
1
1
1
1
1
1
1
1
1
1
1
1
1
1
1
1
1
1
1
1
1
1
1
1
1
1
1
1
1
1
1
1
1
1
1
1
1
1
1
1
1
1
1
1
1
1
1
1
1
1
1
1
1
1
1
1
1
1
1
1
1
1
1
1
1
1
1
1
1
