10 10 20 20
1
1
1
1
1
1
1
1
1
1
1
1
1
1
1
1
1
1
1
1
1
1
1
1
1
1
1
1
1
1
1
1
1
1
1
1
1
1
1
1
1
1
1
1
1
1
1
1
1
1
1
1
1
1
1
1
1
1
1
1
1
1
1
1
1
1
1
1
1
1
1
1
1
1
1
1
1
1
1
1
1
1
1
1
1
1
1
0.000000
1
1
-0.693147
0.000000
1
1
1
1
1
1
1
1
1
1
1
1
1
1
0.000000
-0.693147
-2.197225
-2.079442
-2.564949
-0.693147
-1.386294
1
0.000000
1
1
1
1
1
1
1
1
1
1
1
-1.791759
-1.945910
-3.091042
-3.970292
-3.663562
-3.044522
-2.079442
1
0.000000
1
1
1
1
1
1
1
1
1
1
-1.098612
-2.197225
-3.828641
-4.820282
-5.093750
-5.111988
-4.700480
-4.007333
-2.639057
-1.098612
-0.693147
1
1
1
1
1
1
1
1
0.000000
-1.609438
-3.465736
-4.890349
-5.525453
-5.910797
-5.978886
-5.572154
-4.465908
-3.258097
-1.609438
1
0.000000
1
1
1
1
1
1
1
-1.098612
-2.197225
-3.663562
-5.087596
-5.991465
-6.413459
-6.424869
-6.028279
-5.147494
-3.688879
-1.609438
0.000000
1
1
1
1
1
1
1
1
0.000000
-2.708050
-3.891820
-5.192957
-5.945421
-6.416732
-6.461468
-5.973810
-5.062595
-3.761200
-1.945910
1
1
1
1
1
1
1
1
1
0.000000
-1.791759
-3.367296
-4.736198
-5.501258
-6.056784
-5.953243
-5.549076
-4.532599
-3.465736
-1.386294
0.000000
1
1
1
1
1
1
1
1
1
-0.693147
-2.708050
-3.931826
-4.762174
-5.141664
-5.313206
-4.812184
-3.806662
-2.708050
-1.791759
1
1
1
1
1
1
1
1
1
1
-0.693147
-1.386294
-2.772589
-3.465736
-3.912023
-4.007333
-3.583519
-2.397895
-1.386294
1
1
1
1
1
1
1
1
1
1
1
1
1
-0.693147
-1.791759
-1.609438
-1.609438
-2.302585
1
1
1
1
1
1
1
1
1
1
1
1
1
1
1
1
0.000000
1
0.000000
0.000000
1
1
1
1
1
1
1
1
1
1
1
1
1
1
1
1
1
1
1
1
1
1
1
1
1
1
1
1
1
1
1
1
1
1
1
1
1
1
1
1
1
1
1
1
1
1
1
1
1
1
1
1
1
1
1
1
1
1
1
1
1
1
1
1
1
1
1
1
1
1
1
1
1
1
1
1
1
1
1
1
1
1
1
1
1
1
1
1
