6000 120 10 10 20 20
84 14 63 15
105 5 84 5
105 7 84 7
105 28 84 28
126 1 105 1
126 2 105 2
126 2 105 2
126 4 105 4
126 5 105 5
126 7 105 7
126 9 105 9
126 10 105 10
126 13 105 13
126 13 105 13
126 14 105 14
126 15 105 15
126 15 105 15
126 17 105 17
126 19 105 19
126 20 105 20
126 20 105 20
126 20 105 20
126 23 105 23
126 23 105 23
126 24 105 24
126 25 105 25
126 25 105 25
126 26 105 26
126 27 105 27
126 28 105 28
147 0 126 0
147 0 126 0
147 0 126 0
147 1 126 1
147 1 126 1
147 1 126 1
147 1 126 1
147 1 126 1
147 1 126 1
147 2 126 2
147 2 126 2
147 2 126 2
147 3 126 3
147 4 126 4
147 5 126 5
147 5 126 5
147 5 126 5
147 5 126 5
147 5 126 5
147 6 126 6
147 6 126 6
147 6 126 6
147 7 126 7
147 7 126 7
147 7 126 7
147 7 126 7
147 7 126 7
147 8 126 8
147 8 126 8
147 8 126 8
147 8 126 8
147 8 126 8
147 9 126 9
147 9 126 9
147 9 126 9
147 9 126 9
147 10 126 10
147 10 126 10
147 10 126 10
147 10 126 10
147 10 126 10
147 11 126 11
147 11 126 11
147 11 126 11
147 11 126 11
147 11 126 11
147 12 126 12
147 12 126 12
147 12 126 12
147 13 126 13
147 13 126 13
147 13 126 13
147 13 126 13
147 13 126 13
147 14 126 14
147 14 126 14
147 15 126 15
147 15 126 15
147 15 126 15
147 15 126 15
147 15 126 15
147 16 126 16
147 17 126 17
147 17 126 17
147 17 126 17
147 17 126 17
147 17 126 17
147 18 126 18
147 18 126 18
147 19 126 19
147 19 126 19
147 19 126 19
147 20 126 20
147 20 126 20
147 20 126 20
147 20 126 20
147 21 126 21
147 21 126 21
147 21 126 21
147 21 126 21
147 22 126 22
147 23 126 23
147 23 126 23
147 23 126 23
147 23 126 23
147 24 126 24
147 24 126 24
147 24 126 24
147 24 126 24
147 25 126 25
147 25 126 25
147 26 126 26
147 26 126 26
147 26 126 26
147 26 126 26
147 26 126 26
147 26 126 26
147 27 126 27
147 27 126 27
147 27 126 27
147 28 126 28
147 28 126 28
147 28 126 28
147 29 126 29
147 29 126 29
147 29 126 29
147 29 126 29
147 29 126 29
147 29 126 29
147 29 126 29
147 30 126 30
147 30 126 30
147 30 126 30
168 0 147 0
168 0 147 0
168 0 147 0
168 0 147 0
168 0 147 0
168 0 147 0
168 0 147 0
168 0 147 0
168 0 147 0
168 1 147 1
168 1 147 1
168 1 147 1
168 1 147 1
168 1 147 1
168 1 147 1
168 1 147 1
168 1 147 1
168 1 147 1
168 1 147 1
168 1 147 1
168 1 147 1
168 2 147 2
168 2 147 2
168 2 147 2
168 2 147 2
168 2 147 2
168 2 147 2
168 2 147 2
168 2 147 2
168 2 147 2
168 2 147 2
168 2 147 2
168 2 147 2
168 2 147 2
168 2 147 2
168 2 147 2
168 2 147 2
168 2 147 2
168 2 147 2
168 2 147 2
168 3 147 3
168 3 147 3
168 3 147 3
168 3 147 3
168 3 147 3
168 3 147 3
168 3 147 3
168 3 147 3
168 3 147 3
168 3 147 3
168 3 147 3
168 3 147 3
168 3 147 3
168 3 147 3
168 3 147 3
168 3 147 3
168 3 147 3
168 4 147 4
168 4 147 4
168 4 147 4
168 4 147 4
168 4 147 4
168 4 147 4
168 4 147 4
168 4 147 4
168 4 147 4
168 4 147 4
168 4 147 4
168 4 147 4
168 4 147 4
168 4 147 4
168 4 147 4
168 5 147 5
168 5 147 5
168 5 147 5
168 5 147 5
168 5 147 5
168 5 147 5
168 5 147 5
168 5 147 5
168 5 147 5
168 6 147 6
168 6 147 6
168 6 147 6
168 6 147 6
168 6 147 6
168 6 147 6
168 6 147 6
168 6 147 6
168 6 147 6
168 6 147 6
168 6 147 6
168 6 147 6
168 6 147 6
168 6 147 6
168 7 147 7
168 7 147 7
168 7 147 7
168 7 147 7
168 7 147 7
168 7 147 7
168 7 147 7
168 7 147 7
168 7 147 7
168 7 147 7
168 7 147 7
168 8 147 8
168 8 147 8
168 8 147 8
168 8 147 8
168 8 147 8
168 8 147 8
168 8 147 8
168 8 147 8
168 8 147 8
168 8 147 8
168 8 147 8
168 8 147 8
168 8 147 8
168 8 147 8
168 8 147 8
168 8 147 8
168 9 147 9
168 9 147 9
168 9 147 9
168 9 147 9
168 9 147 9
168 9 147 9
168 9 147 9
168 9 147 9
168 9 147 9
168 9 147 9
168 9 147 9
168 10 147 10
168 10 147 10
168 10 147 10
168 10 147 10
168 10 147 10
168 10 147 10
168 10 147 10
168 10 147 10
168 10 147 10
168 10 147 10
168 10 147 10
168 10 147 10
168 10 147 10
168 10 147 10
168 10 147 10
168 10 147 10
168 11 147 11
168 11 147 11
168 11 147 11
168 11 147 11
168 11 147 11
168 11 147 11
168 11 147 11
168 11 147 11
168 11 147 11
168 11 147 11
168 11 147 11
168 11 147 11
168 11 147 11
168 12 147 12
168 12 147 12
168 12 147 12
168 12 147 12
168 12 147 12
168 12 147 12
168 12 147 12
168 12 147 12
168 12 147 12
168 12 147 12
168 12 147 12
168 12 147 12
168 12 147 12
168 12 147 12
168 12 147 12
168 12 147 12
168 12 147 12
168 12 147 12
168 13 147 13
168 13 147 13
168 13 147 13
168 13 147 13
168 13 147 13
168 13 147 13
168 13 147 13
168 13 147 13
168 13 147 13
168 13 147 13
168 14 147 14
168 14 147 14
168 14 147 14
168 14 147 14
168 14 147 14
168 14 147 14
168 14 147 14
168 14 147 14
168 14 147 14
168 14 147 14
168 14 147 14
168 15 147 15
168 15 147 15
168 15 147 15
168 15 147 15
168 15 147 15
168 15 147 15
168 15 147 15
168 15 147 15
168 15 147 15
168 15 147 15
168 15 147 15
168 15 147 15
168 15 147 15
168 15 147 15
168 15 147 15
168 15 147 15
168 15 147 15
168 15 147 15
168 15 147 15
168 15 147 15
168 15 147 15
168 15 147 15
168 16 147 16
168 16 147 16
168 16 147 16
168 16 147 16
168 16 147 16
168 16 147 16
168 16 147 16
168 16 147 16
168 16 147 16
168 16 147 16
168 16 147 16
168 16 147 16
168 16 147 16
168 17 147 17
168 17 147 17
168 17 147 17
168 17 147 17
168 17 147 17
168 17 147 17
168 17 147 17
168 17 147 17
168 17 147 17
168 17 147 17
168 17 147 17
168 17 147 17
168 17 147 17
168 17 147 17
168 17 147 17
168 17 147 17
168 17 147 17
168 18 147 18
168 18 147 18
168 18 147 18
168 18 147 18
168 18 147 18
168 18 147 18
168 18 147 18
168 18 147 18
168 18 147 18
168 18 147 18
168 18 147 18
168 18 147 18
168 18 147 18
168 18 147 18
168 18 147 18
168 18 147 18
168 18 147 18
168 18 147 18
168 18 147 18
168 18 147 18
168 18 147 18
168 19 147 19
168 19 147 19
168 19 147 19
168 19 147 19
168 19 147 19
168 19 147 19
168 19 147 19
168 19 147 19
168 19 147 19
168 19 147 19
168 19 147 19
168 19 147 19
168 19 147 19
168 19 147 19
168 19 147 19
168 19 147 19
168 19 147 19
168 19 147 19
168 19 147 19
168 19 147 19
168 19 147 19
168 20 147 20
168 20 147 20
168 20 147 20
168 20 147 20
168 20 147 20
168 20 147 20
168 20 147 20
168 20 147 20
168 20 147 20
168 20 147 20
168 20 147 20
168 20 147 20
168 21 147 21
168 21 147 21
168 21 147 21
168 21 147 21
168 21 147 21
168 21 147 21
168 21 147 21
168 21 147 21
168 21 147 21
168 21 147 21
168 21 147 21
168 21 147 21
168 21 147 21
168 21 147 21
168 21 147 21
168 21 147 21
168 21 147 21
168 22 147 22
168 22 147 22
168 22 147 22
168 22 147 22
168 22 147 22
168 22 147 22
168 22 147 22
168 22 147 22
168 22 147 22
168 22 147 22
168 22 147 22
168 22 147 22
168 22 147 22
168 22 147 22
168 22 147 22
168 22 147 22
168 23 147 23
168 23 147 23
168 23 147 23
168 23 147 23
168 23 147 23
168 23 147 23
168 23 147 23
168 23 147 23
168 23 147 23
168 23 147 23
168 23 147 23
168 23 147 23
168 23 147 23
168 23 147 23
168 24 147 24
168 24 147 24
168 24 147 24
168 24 147 24
168 24 147 24
168 24 147 24
168 24 147 24
168 24 147 24
168 24 147 24
168 25 147 25
168 25 147 25
168 25 147 25
168 25 147 25
168 25 147 25
168 25 147 25
168 25 147 25
168 25 147 25
168 25 147 25
168 25 147 25
168 25 147 25
168 25 147 25
168 25 147 25
168 26 147 26
168 26 147 26
168 26 147 26
168 26 147 26
168 26 147 26
168 26 147 26
168 26 147 26
168 26 147 26
168 26 147 26
168 26 147 26
168 26 147 26
168 26 147 26
168 26 147 26
168 26 147 26
168 26 147 26
168 27 147 27
168 27 147 27
168 27 147 27
168 27 147 27
168 27 147 27
168 27 147 27
168 27 147 27
168 27 147 27
168 28 147 28
168 28 147 28
168 28 147 28
168 28 147 28
168 28 147 28
168 28 147 28
168 28 147 28
168 28 147 28
168 28 147 28
168 28 147 28
168 28 147 28
168 28 147 28
168 28 147 28
168 28 147 28
168 29 147 29
168 29 147 29
168 29 147 29
168 29 147 29
168 29 147 29
168 29 147 29
168 29 147 29
168 29 147 29
168 29 147 29
168 29 147 29
168 29 147 29
168 30 147 30
168 30 147 30
168 30 147 30
168 30 147 30
168 30 147 30
168 30 147 30
168 30 147 30
168 30 147 30
168 30 147 30
168 30 147 30
168 30 147 30
168 30 147 30
168 30 147 30
189 0 168 0
189 0 168 0
189 0 168 0
189 0 168 0
189 0 168 0
189 0 168 0
189 0 168 0
189 0 168 0
189 0 168 0
189 0 168 0
189 0 168 0
189 0 168 0
189 0 168 0
189 1 168 1
189 1 168 1
189 1 168 1
189 1 168 1
189 1 168 1
189 1 168 1
189 1 168 1
189 1 168 1
189 1 168 1
189 1 168 1
189 1 168 1
189 1 168 1
189 1 168 1
189 1 168 1
189 1 168 1
189 1 168 1
189 1 168 1
189 1 168 1
189 1 168 1
189 1 168 1
189 1 168 1
189 2 168 2
189 2 168 2
189 2 168 2
189 2 168 2
189 2 168 2
189 2 168 2
189 2 168 2
189 2 168 2
189 2 168 2
189 2 168 2
189 2 168 2
189 2 168 2
189 2 168 2
189 2 168 2
189 2 168 2
189 2 168 2
189 2 168 2
189 2 168 2
189 2 168 2
189 2 168 2
189 2 168 2
189 2 168 2
189 2 168 2
189 2 168 2
189 2 168 2
189 2 168 2
189 3 168 3
189 3 168 3
189 3 168 3
189 3 168 3
189 3 168 3
189 3 168 3
189 3 168 3
189 3 168 3
189 3 168 3
189 3 168 3
189 3 168 3
189 3 168 3
189 3 168 3
189 3 168 3
189 3 168 3
189 3 168 3
189 3 168 3
189 3 168 3
189 3 168 3
189 3 168 3
189 3 168 3
189 3 168 3
189 3 168 3
189 3 168 3
189 3 168 3
189 3 168 3
189 3 168 3
189 3 168 3
189 3 168 3
189 3 168 3
189 3 168 3
189 4 168 4
189 4 168 4
189 4 168 4
189 4 168 4
189 4 168 4
189 4 168 4
189 4 168 4
189 4 168 4
189 4 168 4
189 4 168 4
189 4 168 4
189 4 168 4
189 4 168 4
189 4 168 4
189 4 168 4
189 4 168 4
189 4 168 4
189 4 168 4
189 4 168 4
189 4 168 4
189 4 168 4
189 4 168 4
189 4 168 4
189 4 168 4
189 4 168 4
189 4 168 4
189 4 168 4
189 4 168 4
189 4 168 4
189 4 168 4
189 4 168 4
189 4 168 4
189 4 168 4
189 4 168 4
189 4 168 4
189 4 168 4
189 4 168 4
189 5 168 5
189 5 168 5
189 5 168 5
189 5 168 5
189 5 168 5
189 5 168 5
189 5 168 5
189 5 168 5
189 5 168 5
189 5 168 5
189 5 168 5
189 5 168 5
189 5 168 5
189 5 168 5
189 5 168 5
189 5 168 5
189 5 168 5
189 5 168 5
189 5 168 5
189 5 168 5
189 5 168 5
189 5 168 5
189 5 168 5
189 5 168 5
189 5 168 5
189 5 168 5
189 5 168 5
189 5 168 5
189 5 168 5
189 5 168 5
189 5 168 5
189 5 168 5
189 5 168 5
189 5 168 5
189 5 168 5
189 5 168 5
189 6 168 6
189 6 168 6
189 6 168 6
189 6 168 6
189 6 168 6
189 6 168 6
189 6 168 6
189 6 168 6
189 6 168 6
189 6 168 6
189 6 168 6
189 6 168 6
189 6 168 6
189 6 168 6
189 6 168 6
189 6 168 6
189 6 168 6
189 6 168 6
189 6 168 6
189 6 168 6
189 6 168 6
189 6 168 6
189 6 168 6
189 6 168 6
189 6 168 6
189 6 168 6
189 6 168 6
189 6 168 6
189 6 168 6
189 6 168 6
189 7 168 7
189 7 168 7
189 7 168 7
189 7 168 7
189 7 168 7
189 7 168 7
189 7 168 7
189 7 168 7
189 7 168 7
189 7 168 7
189 7 168 7
189 7 168 7
189 7 168 7
189 7 168 7
189 7 168 7
189 7 168 7
189 7 168 7
189 7 168 7
189 7 168 7
189 7 168 7
189 7 168 7
189 7 168 7
189 7 168 7
189 7 168 7
189 7 168 7
189 7 168 7
189 7 168 7
189 7 168 7
189 7 168 7
189 8 168 8
189 8 168 8
189 8 168 8
189 8 168 8
189 8 168 8
189 8 168 8
189 8 168 8
189 8 168 8
189 8 168 8
189 8 168 8
189 8 168 8
189 8 168 8
189 8 168 8
189 8 168 8
189 8 168 8
189 8 168 8
189 8 168 8
189 8 168 8
189 8 168 8
189 8 168 8
189 8 168 8
189 8 168 8
189 8 168 8
189 8 168 8
189 8 168 8
189 8 168 8
189 8 168 8
189 8 168 8
189 8 168 8
189 8 168 8
189 8 168 8
189 9 168 9
189 9 168 9
189 9 168 9
189 9 168 9
189 9 168 9
189 9 168 9
189 9 168 9
189 9 168 9
189 9 168 9
189 9 168 9
189 9 168 9
189 9 168 9
189 9 168 9
189 9 168 9
189 9 168 9
189 9 168 9
189 9 168 9
189 9 168 9
189 9 168 9
189 9 168 9
189 9 168 9
189 9 168 9
189 9 168 9
189 9 168 9
189 9 168 9
189 9 168 9
189 9 168 9
189 9 168 9
189 9 168 9
189 9 168 9
189 9 168 9
189 10 168 10
189 10 168 10
189 10 168 10
189 10 168 10
189 10 168 10
189 10 168 10
189 10 168 10
189 10 168 10
189 10 168 10
189 10 168 10
189 10 168 10
189 10 168 10
189 10 168 10
189 10 168 10
189 10 168 10
189 10 168 10
189 10 168 10
189 10 168 10
189 10 168 10
189 10 168 10
189 10 168 10
189 10 168 10
189 10 168 10
189 10 168 10
189 10 168 10
189 10 168 10
189 10 168 10
189 10 168 10
189 10 168 10
189 11 168 11
189 11 168 11
189 11 168 11
189 11 168 11
189 11 168 11
189 11 168 11
189 11 168 11
189 11 168 11
189 11 168 11
189 11 168 11
189 11 168 11
189 11 168 11
189 11 168 11
189 11 168 11
189 11 168 11
189 11 168 11
189 11 168 11
189 11 168 11
189 11 168 11
189 11 168 11
189 11 168 11
189 11 168 11
189 11 168 11
189 11 168 11
189 11 168 11
189 11 168 11
189 11 168 11
189 11 168 11
189 11 168 11
189 11 168 11
189 11 168 11
189 11 168 11
189 11 168 11
189 11 168 11
189 11 168 11
189 11 168 11
189 11 168 11
189 12 168 12
189 12 168 12
189 12 168 12
189 12 168 12
189 12 168 12
189 12 168 12
189 12 168 12
189 12 168 12
189 12 168 12
189 12 168 12
189 12 168 12
189 12 168 12
189 12 168 12
189 12 168 12
189 12 168 12
189 12 168 12
189 12 168 12
189 12 168 12
189 12 168 12
189 12 168 12
189 12 168 12
189 12 168 12
189 12 168 12
189 12 168 12
189 12 168 12
189 12 168 12
189 12 168 12
189 12 168 12
189 12 168 12
189 12 168 12
189 12 168 12
189 13 168 13
189 13 168 13
189 13 168 13
189 13 168 13
189 13 168 13
189 13 168 13
189 13 168 13
189 13 168 13
189 13 168 13
189 13 168 13
189 13 168 13
189 13 168 13
189 13 168 13
189 13 168 13
189 13 168 13
189 13 168 13
189 13 168 13
189 13 168 13
189 13 168 13
189 13 168 13
189 13 168 13
189 13 168 13
189 13 168 13
189 13 168 13
189 13 168 13
189 13 168 13
189 13 168 13
189 14 168 14
189 14 168 14
189 14 168 14
189 14 168 14
189 14 168 14
189 14 168 14
189 14 168 14
189 14 168 14
189 14 168 14
189 14 168 14
189 14 168 14
189 14 168 14
189 14 168 14
189 14 168 14
189 14 168 14
189 14 168 14
189 14 168 14
189 14 168 14
189 14 168 14
189 14 168 14
189 14 168 14
189 14 168 14
189 14 168 14
189 14 168 14
189 14 168 14
189 14 168 14
189 14 168 14
189 14 168 14
189 14 168 14
189 14 168 14
189 14 168 14
189 14 168 14
189 14 168 14
189 14 168 14
189 14 168 14
189 14 168 14
189 15 168 15
189 15 168 15
189 15 168 15
189 15 168 15
189 15 168 15
189 15 168 15
189 15 168 15
189 15 168 15
189 15 168 15
189 15 168 15
189 15 168 15
189 15 168 15
189 15 168 15
189 15 168 15
189 15 168 15
189 15 168 15
189 15 168 15
189 15 168 15
189 15 168 15
189 15 168 15
189 15 168 15
189 15 168 15
189 15 168 15
189 15 168 15
189 15 168 15
189 15 168 15
189 15 168 15
189 15 168 15
189 15 168 15
189 15 168 15
189 15 168 15
189 15 168 15
189 16 168 16
189 16 168 16
189 16 168 16
189 16 168 16
189 16 168 16
189 16 168 16
189 16 168 16
189 16 168 16
189 16 168 16
189 16 168 16
189 16 168 16
189 16 168 16
189 16 168 16
189 16 168 16
189 16 168 16
189 16 168 16
189 16 168 16
189 16 168 16
189 16 168 16
189 16 168 16
189 16 168 16
189 16 168 16
189 16 168 16
189 16 168 16
189 16 168 16
189 16 168 16
189 16 168 16
189 16 168 16
189 16 168 16
189 16 168 16
189 16 168 16
189 16 168 16
189 16 168 16
189 16 168 16
189 16 168 16
189 16 168 16
189 16 168 16
189 17 168 17
189 17 168 17
189 17 168 17
189 17 168 17
189 17 168 17
189 17 168 17
189 17 168 17
189 17 168 17
189 17 168 17
189 17 168 17
189 17 168 17
189 17 168 17
189 17 168 17
189 17 168 17
189 17 168 17
189 17 168 17
189 17 168 17
189 17 168 17
189 17 168 17
189 17 168 17
189 17 168 17
189 17 168 17
189 17 168 17
189 18 168 18
189 18 168 18
189 18 168 18
189 18 168 18
189 18 168 18
189 18 168 18
189 18 168 18
189 18 168 18
189 18 168 18
189 18 168 18
189 18 168 18
189 18 168 18
189 18 168 18
189 18 168 18
189 18 168 18
189 18 168 18
189 18 168 18
189 18 168 18
189 18 168 18
189 18 168 18
189 18 168 18
189 18 168 18
189 18 168 18
189 18 168 18
189 18 168 18
189 18 168 18
189 18 168 18
189 18 168 18
189 18 168 18
189 18 168 18
189 18 168 18
189 19 168 19
189 19 168 19
189 19 168 19
189 19 168 19
189 19 168 19
189 19 168 19
189 19 168 19
189 19 168 19
189 19 168 19
189 19 168 19
189 19 168 19
189 19 168 19
189 19 168 19
189 19 168 19
189 19 168 19
189 19 168 19
189 19 168 19
189 19 168 19
189 19 168 19
189 19 168 19
189 19 168 19
189 19 168 19
189 19 168 19
189 19 168 19
189 19 168 19
189 19 168 19
189 19 168 19
189 19 168 19
189 19 168 19
189 19 168 19
189 19 168 19
189 19 168 19
189 19 168 19
189 19 168 19
189 19 168 19
189 19 168 19
189 19 168 19
189 19 168 19
189 20 168 20
189 20 168 20
189 20 168 20
189 20 168 20
189 20 168 20
189 20 168 20
189 20 168 20
189 20 168 20
189 20 168 20
189 20 168 20
189 20 168 20
189 20 168 20
189 20 168 20
189 20 168 20
189 20 168 20
189 20 168 20
189 20 168 20
189 20 168 20
189 20 168 20
189 20 168 20
189 20 168 20
189 20 168 20
189 20 168 20
189 20 168 20
189 20 168 20
189 20 168 20
189 20 168 20
189 20 168 20
189 20 168 20
189 20 168 20
189 20 168 20
189 21 168 21
189 21 168 21
189 21 168 21
189 21 168 21
189 21 168 21
189 21 168 21
189 21 168 21
189 21 168 21
189 21 168 21
189 21 168 21
189 21 168 21
189 21 168 21
189 21 168 21
189 21 168 21
189 21 168 21
189 21 168 21
189 21 168 21
189 21 168 21
189 21 168 21
189 21 168 21
189 21 168 21
189 21 168 21
189 21 168 21
189 21 168 21
189 21 168 21
189 21 168 21
189 21 168 21
189 21 168 21
189 21 168 21
189 21 168 21
189 21 168 21
189 21 168 21
189 21 168 21
189 21 168 21
189 21 168 21
189 21 168 21
189 22 168 22
189 22 168 22
189 22 168 22
189 22 168 22
189 22 168 22
189 22 168 22
189 22 168 22
189 22 168 22
189 22 168 22
189 22 168 22
189 22 168 22
189 22 168 22
189 22 168 22
189 22 168 22
189 22 168 22
189 22 168 22
189 22 168 22
189 22 168 22
189 22 168 22
189 22 168 22
189 22 168 22
189 22 168 22
189 22 168 22
189 22 168 22
189 22 168 22
189 22 168 22
189 22 168 22
189 22 168 22
189 22 168 22
189 22 168 22
189 22 168 22
189 22 168 22
189 22 168 22
189 22 168 22
189 22 168 22
189 23 168 23
189 23 168 23
189 23 168 23
189 23 168 23
189 23 168 23
189 23 168 23
189 23 168 23
189 23 168 23
189 23 168 23
189 23 168 23
189 23 168 23
189 23 168 23
189 23 168 23
189 23 168 23
189 23 168 23
189 23 168 23
189 23 168 23
189 23 168 23
189 23 168 23
189 23 168 23
189 23 168 23
189 23 168 23
189 23 168 23
189 23 168 23
189 23 168 23
189 23 168 23
189 23 168 23
189 23 168 23
189 23 168 23
189 23 168 23
189 23 168 23
189 23 168 23
189 23 168 23
189 23 168 23
189 23 168 23
189 24 168 24
189 24 168 24
189 24 168 24
189 24 168 24
189 24 168 24
189 24 168 24
189 24 168 24
189 24 168 24
189 24 168 24
189 24 168 24
189 24 168 24
189 24 168 24
189 24 168 24
189 24 168 24
189 24 168 24
189 24 168 24
189 24 168 24
189 24 168 24
189 24 168 24
189 24 168 24
189 24 168 24
189 24 168 24
189 24 168 24
189 25 168 25
189 25 168 25
189 25 168 25
189 25 168 25
189 25 168 25
189 25 168 25
189 25 168 25
189 25 168 25
189 25 168 25
189 25 168 25
189 25 168 25
189 25 168 25
189 25 168 25
189 25 168 25
189 25 168 25
189 25 168 25
189 25 168 25
189 25 168 25
189 25 168 25
189 25 168 25
189 25 168 25
189 25 168 25
189 25 168 25
189 25 168 25
189 25 168 25
189 25 168 25
189 25 168 25
189 25 168 25
189 25 168 25
189 26 168 26
189 26 168 26
189 26 168 26
189 26 168 26
189 26 168 26
189 26 168 26
189 26 168 26
189 26 168 26
189 26 168 26
189 26 168 26
189 26 168 26
189 26 168 26
189 26 168 26
189 26 168 26
189 26 168 26
189 26 168 26
189 26 168 26
189 26 168 26
189 26 168 26
189 26 168 26
189 26 168 26
189 26 168 26
189 26 168 26
189 26 168 26
189 26 168 26
189 26 168 26
189 26 168 26
189 26 168 26
189 26 168 26
189 26 168 26
189 26 168 26
189 26 168 26
189 27 168 27
189 27 168 27
189 27 168 27
189 27 168 27
189 27 168 27
189 27 168 27
189 27 168 27
189 27 168 27
189 27 168 27
189 27 168 27
189 27 168 27
189 27 168 27
189 27 168 27
189 27 168 27
189 27 168 27
189 27 168 27
189 27 168 27
189 27 168 27
189 27 168 27
189 27 168 27
189 27 168 27
189 27 168 27
189 27 168 27
189 27 168 27
189 27 168 27
189 27 168 27
189 27 168 27
189 27 168 27
189 27 168 27
189 27 168 27
189 27 168 27
189 27 168 27
189 27 168 27
189 27 168 27
189 27 168 27
189 27 168 27
189 27 168 27
189 27 168 27
189 27 168 27
189 27 168 27
189 28 168 28
189 28 168 28
189 28 168 28
189 28 168 28
189 28 168 28
189 28 168 28
189 28 168 28
189 28 168 28
189 28 168 28
189 28 168 28
189 28 168 28
189 28 168 28
189 28 168 28
189 28 168 28
189 28 168 28
189 28 168 28
189 28 168 28
189 28 168 28
189 28 168 28
189 28 168 28
189 28 168 28
189 28 168 28
189 28 168 28
189 28 168 28
189 28 168 28
189 28 168 28
189 28 168 28
189 28 168 28
189 28 168 28
189 28 168 28
189 28 168 28
189 29 168 29
189 29 168 29
189 29 168 29
189 29 168 29
189 29 168 29
189 29 168 29
189 29 168 29
189 29 168 29
189 29 168 29
189 29 168 29
189 29 168 29
189 29 168 29
189 29 168 29
189 29 168 29
189 29 168 29
189 29 168 29
189 29 168 29
189 29 168 29
189 29 168 29
189 29 168 29
189 29 168 29
189 29 168 29
189 29 168 29
189 29 168 29
189 29 168 29
189 29 168 29
189 29 168 29
189 30 168 30
189 30 168 30
189 30 168 30
189 30 168 30
189 30 168 30
189 30 168 30
189 30 168 30
189 30 168 30
189 30 168 30
189 30 168 30
189 30 168 30
189 30 168 30
189 30 168 30
189 30 168 30
189 30 168 30
189 30 168 30
189 30 168 30
210 0 189 0
210 0 189 0
210 0 189 0
210 0 189 0
210 0 189 0
210 0 189 0
210 0 189 0
210 0 189 0
210 0 189 0
210 0 189 0
210 0 189 0
210 0 189 0
210 0 189 0
210 0 189 0
210 0 189 0
210 0 189 0
210 0 189 0
210 0 189 0
210 0 189 0
210 0 189 0
210 0 189 0
210 0 189 0
210 0 189 0
210 0 189 0
210 0 189 0
210 1 210 0
210 1 210 0
210 1 210 0
210 1 210 0
210 1 210 0
210 1 210 0
210 1 210 0
210 1 210 0
210 1 210 0
210 1 210 0
210 1 210 0
210 1 210 0
210 1 210 0
210 1 210 0
210 1 210 0
210 1 210 0
210 1 210 0
210 1 210 0
210 1 210 0
210 1 210 0
210 1 210 0
210 1 210 0
210 1 210 0
210 1 210 0
210 1 210 0
210 1 210 0
210 1 189 1
210 1 189 1
210 1 189 1
210 1 189 1
210 1 189 1
210 1 189 1
210 1 189 1
210 1 189 1
210 1 189 1
210 1 189 1
210 1 189 1
210 1 189 1
210 1 189 1
210 1 189 1
210 1 189 1
210 1 189 1
210 1 189 1
210 1 189 1
210 1 189 1
210 1 189 1
210 1 189 1
210 1 189 1
210 1 189 1
210 1 189 1
210 1 189 1
210 1 189 1
210 1 189 1
210 1 189 1
210 1 189 1
210 1 189 1
210 1 189 1
210 1 189 1
210 1 189 1
210 1 189 1
210 1 189 1
210 1 189 1
210 1 189 1
210 1 189 1
210 1 189 1
210 1 189 1
210 1 189 1
210 1 189 1
210 1 189 1
210 1 189 1
210 2 210 1
210 2 210 1
210 2 210 1
210 2 210 1
210 2 210 1
210 2 210 1
210 2 210 1
210 2 210 1
210 2 210 1
210 2 210 1
210 2 210 1
210 2 210 1
210 2 210 1
210 2 210 1
210 2 210 1
210 2 210 1
210 2 210 1
210 2 189 2
210 2 189 2
210 2 189 2
210 2 189 2
210 2 189 2
210 2 189 2
210 2 189 2
210 2 189 2
210 2 189 2
210 2 189 2
210 2 189 2
210 2 189 2
210 2 189 2
210 2 189 2
210 2 189 2
210 2 189 2
210 2 189 2
210 2 189 2
210 2 189 2
210 2 189 2
210 2 189 2
210 2 189 2
210 2 189 2
210 2 189 2
210 2 189 2
210 2 189 2
210 2 189 2
210 2 189 2
210 2 189 2
210 2 189 2
210 2 189 2
210 2 189 2
210 2 189 2
210 2 189 2
210 2 189 2
210 2 189 2
210 2 189 2
210 2 189 2
210 2 189 2
210 2 189 2
210 2 189 2
210 2 189 2
210 2 189 2
210 2 189 2
210 2 189 2
210 2 189 2
210 2 189 2
210 3 210 2
210 3 210 2
210 3 210 2
210 3 189 3
210 3 189 3
210 3 189 3
210 3 189 3
210 3 189 3
210 3 189 3
210 3 189 3
210 3 189 3
210 3 189 3
210 3 189 3
210 3 189 3
210 3 189 3
210 3 189 3
210 3 189 3
210 3 189 3
210 3 189 3
210 3 189 3
210 3 189 3
210 3 189 3
210 3 189 3
210 3 189 3
210 3 189 3
210 3 189 3
210 3 189 3
210 3 189 3
210 3 189 3
210 3 189 3
210 3 189 3
210 3 189 3
210 3 189 3
210 3 189 3
210 3 189 3
210 3 189 3
210 3 189 3
210 3 189 3
210 3 189 3
210 3 189 3
210 3 189 3
210 3 189 3
210 3 189 3
210 3 189 3
210 3 189 3
210 3 189 3
210 3 189 3
210 3 189 3
210 3 189 3
210 3 189 3
210 3 189 3
210 3 189 3
210 3 189 3
210 3 189 3
210 3 189 3
210 3 189 3
210 3 189 3
210 3 189 3
210 4 210 3
210 4 210 3
210 4 210 3
210 4 210 3
210 4 189 4
210 4 189 4
210 4 189 4
210 4 189 4
210 4 189 4
210 4 189 4
210 4 189 4
210 4 189 4
210 4 189 4
210 4 189 4
210 4 189 4
210 4 189 4
210 4 189 4
210 4 189 4
210 4 189 4
210 4 189 4
210 4 189 4
210 4 189 4
210 4 189 4
210 4 189 4
210 4 189 4
210 4 189 4
210 4 189 4
210 4 189 4
210 4 189 4
210 4 189 4
210 4 189 4
210 4 189 4
210 4 189 4
210 4 189 4
210 4 189 4
210 4 189 4
210 4 189 4
210 4 189 4
210 4 189 4
210 4 189 4
210 4 189 4
210 4 189 4
210 4 189 4
210 4 189 4
210 4 189 4
210 4 189 4
210 4 189 4
210 4 189 4
210 4 189 4
210 4 189 4
210 4 189 4
210 4 189 4
210 5 210 4
210 5 210 4
210 5 210 4
210 5 210 4
210 5 210 4
210 5 210 4
210 5 210 4
210 5 210 4
210 5 210 4
210 5 210 4
210 5 210 4
210 5 189 5
210 5 189 5
210 5 189 5
210 5 189 5
210 5 189 5
210 5 189 5
210 5 189 5
210 5 189 5
210 5 189 5
210 5 189 5
210 5 189 5
210 5 189 5
210 5 189 5
210 5 189 5
210 5 189 5
210 5 189 5
210 5 189 5
210 5 189 5
210 5 189 5
210 5 189 5
210 5 189 5
210 5 189 5
210 5 189 5
210 5 189 5
210 5 189 5
210 5 189 5
210 5 189 5
210 5 189 5
210 5 189 5
210 5 189 5
210 5 189 5
210 5 189 5
210 5 189 5
210 5 189 5
210 5 189 5
210 5 189 5
210 5 189 5
210 5 189 5
210 5 189 5
210 5 189 5
210 5 189 5
210 5 189 5
210 6 210 5
210 6 210 5
210 6 210 5
210 6 210 5
210 6 210 5
210 6 210 5
210 6 210 5
210 6 210 5
210 6 210 5
210 6 210 5
210 6 210 5
210 6 210 5
210 6 210 5
210 6 210 5
210 6 210 5
210 6 210 5
210 6 210 5
210 6 210 5
210 6 210 5
210 6 210 5
210 6 210 5
210 6 210 5
210 6 210 5
210 6 210 5
210 6 210 5
210 6 210 5
210 6 189 6
210 6 189 6
210 6 189 6
210 6 189 6
210 6 189 6
210 6 189 6
210 6 189 6
210 6 189 6
210 6 189 6
210 6 189 6
210 6 189 6
210 6 189 6
210 6 189 6
210 6 189 6
210 6 189 6
210 6 189 6
210 6 189 6
210 6 189 6
210 6 189 6
210 6 189 6
210 6 189 6
210 6 189 6
210 6 189 6
210 6 189 6
210 6 189 6
210 6 189 6
210 6 189 6
210 6 189 6
210 6 189 6
210 6 189 6
210 6 189 6
210 6 189 6
210 6 189 6
210 6 189 6
210 6 189 6
210 6 189 6
210 6 189 6
210 6 189 6
210 6 189 6
210 6 189 6
210 6 189 6
210 6 189 6
210 6 189 6
210 6 189 6
210 6 189 6
210 6 189 6
210 6 189 6
210 6 189 6
210 6 189 6
210 6 189 6
210 6 189 6
210 6 189 6
210 6 189 6
210 6 189 6
210 7 210 6
210 7 210 6
210 7 210 6
210 7 210 6
210 7 210 6
210 7 210 6
210 7 189 7
210 7 189 7
210 7 189 7
210 7 189 7
210 7 189 7
210 7 189 7
210 7 189 7
210 7 189 7
210 7 189 7
210 7 189 7
210 7 189 7
210 7 189 7
210 7 189 7
210 7 189 7
210 7 189 7
210 7 189 7
210 7 189 7
210 7 189 7
210 7 189 7
210 7 189 7
210 7 189 7
210 7 189 7
210 7 189 7
210 7 189 7
210 7 189 7
210 7 189 7
210 7 189 7
210 7 189 7
210 7 189 7
210 7 189 7
210 7 189 7
210 7 189 7
210 7 189 7
210 7 189 7
210 7 189 7
210 7 189 7
210 7 189 7
210 7 189 7
210 7 189 7
210 7 189 7
210 7 189 7
210 7 189 7
210 7 189 7
210 7 189 7
210 8 210 7
210 8 210 7
210 8 210 7
210 8 210 7
210 8 210 7
210 8 210 7
210 8 210 7
210 8 210 7
210 8 210 7
210 8 210 7
210 8 210 7
210 8 210 7
210 8 210 7
210 8 189 8
210 8 189 8
210 8 189 8
210 8 189 8
210 8 189 8
210 8 189 8
210 8 189 8
210 8 189 8
210 8 189 8
210 8 189 8
210 8 189 8
210 8 189 8
210 8 189 8
210 8 189 8
210 8 189 8
210 8 189 8
210 8 189 8
210 8 189 8
210 8 189 8
210 8 189 8
210 8 189 8
210 8 189 8
210 8 189 8
210 8 189 8
210 8 189 8
210 8 189 8
210 8 189 8
210 8 189 8
210 8 189 8
210 8 189 8
210 8 189 8
210 8 189 8
210 8 189 8
210 8 189 8
210 8 189 8
210 8 189 8
210 8 189 8
210 8 189 8
210 8 189 8
210 8 189 8
210 8 189 8
210 8 189 8
210 8 189 8
210 8 189 8
210 8 189 8
210 8 189 8
210 8 189 8
210 8 189 8
210 8 189 8
210 8 189 8
210 8 189 8
210 8 189 8
210 8 189 8
210 8 189 8
210 8 189 8
210 8 189 8
210 8 189 8
210 8 189 8
210 8 189 8
210 8 189 8
210 8 189 8
210 9 210 8
210 9 210 8
210 9 210 8
210 9 210 8
210 9 210 8
210 9 210 8
210 9 210 8
210 9 210 8
210 9 210 8
210 9 210 8
210 9 210 8
210 9 189 10
210 9 189 10
210 9 189 10
210 9 189 10
210 9 189 10
210 9 189 10
210 9 189 10
210 9 189 10
210 9 189 9
210 9 189 9
210 9 189 9
210 9 189 9
210 9 189 9
210 9 189 9
210 9 189 9
210 9 189 9
210 9 189 9
210 9 189 9
210 9 189 9
210 9 189 9
210 9 189 9
210 9 189 9
210 9 189 9
210 9 189 9
210 9 189 9
210 9 189 9
210 9 189 9
210 9 189 9
210 9 189 9
210 9 189 9
210 9 189 9
210 9 189 9
210 9 189 9
210 9 189 9
210 9 189 9
210 9 189 9
210 9 189 9
210 9 189 9
210 9 189 9
210 9 189 9
210 9 189 9
210 9 189 9
210 9 189 9
210 9 189 9
210 9 189 9
210 9 189 9
210 9 189 9
210 9 189 9
210 9 189 9
210 9 189 9
210 9 189 9
210 9 189 9
210 9 189 9
210 9 189 9
210 9 189 9
210 9 189 9
210 9 189 9
210 9 189 9
210 9 189 9
210 9 189 9
210 9 189 9
210 9 189 9
210 9 189 9
210 9 189 9
210 10 210 9
210 10 210 9
210 10 210 9
210 10 210 9
210 10 210 9
210 10 210 9
210 10 210 9
210 10 210 9
210 10 210 9
210 10 210 9
210 10 210 9
210 10 210 9
210 10 210 9
210 10 210 9
210 10 210 9
210 10 210 9
210 10 210 9
210 10 189 10
210 10 189 10
210 10 189 10
210 10 189 10
210 10 189 10
210 10 189 10
210 10 189 10
210 10 189 10
210 10 189 10
210 10 189 10
210 10 189 10
210 10 189 10
210 10 189 10
210 10 189 10
210 10 189 10
210 10 189 10
210 10 189 10
210 10 189 10
210 10 189 10
210 10 189 10
210 10 189 10
210 10 189 10
210 10 189 10
210 10 189 10
210 10 189 10
210 10 189 10
210 10 189 10
210 10 189 10
210 10 189 10
210 10 189 10
210 10 189 10
210 10 189 10
210 10 189 10
210 10 189 10
210 10 189 10
210 10 189 10
210 10 189 10
210 10 189 10
210 10 189 10
210 10 189 10
210 10 189 10
210 10 189 10
210 10 189 10
210 10 189 10
210 10 189 10
210 10 189 10
210 11 210 10
210 11 210 10
210 11 210 10
210 11 210 10
210 11 210 10
210 11 210 10
210 11 210 10
210 11 210 10
210 11 210 10
210 11 210 10
210 11 210 10
210 11 210 10
210 11 210 10
210 11 210 10
210 11 210 10
210 11 210 10
210 11 210 10
210 11 210 10
210 11 210 10
210 11 210 10
210 11 210 10
210 11 210 10
210 11 210 10
210 11 210 10
210 11 210 10
210 11 189 11
210 11 189 11
210 11 189 11
210 11 189 11
210 11 189 11
210 11 189 11
210 11 189 11
210 11 189 11
210 11 189 11
210 11 189 11
210 11 189 11
210 11 189 11
210 11 189 11
210 11 189 11
210 11 189 11
210 11 189 11
210 11 189 11
210 11 189 11
210 11 189 11
210 11 189 11
210 11 189 11
210 11 189 11
210 11 189 11
210 11 189 11
210 11 189 11
210 11 189 11
210 11 189 11
210 11 189 11
210 11 189 11
210 11 189 11
210 11 189 11
210 11 189 11
210 11 189 11
210 11 189 11
210 11 189 11
210 11 189 11
210 11 189 11
210 11 189 11
210 11 189 11
210 11 189 11
210 11 189 11
210 11 189 11
210 11 189 11
210 11 189 11
210 11 189 11
210 12 210 11
210 12 210 11
210 12 210 11
210 12 189 12
210 12 189 12
210 12 189 12
210 12 189 12
210 12 189 12
210 12 189 12
210 12 189 12
210 12 189 12
210 12 189 12
210 12 189 12
210 12 189 12
210 12 189 12
210 12 189 12
210 12 189 12
210 12 189 12
210 12 189 12
210 12 189 12
210 12 189 12
210 12 189 12
210 12 189 12
210 12 189 12
210 12 189 12
210 12 189 12
210 12 189 12
210 12 189 12
210 12 189 12
210 12 189 12
210 12 189 12
210 12 189 12
210 12 189 12
210 12 189 12
210 12 189 12
210 12 189 12
210 12 189 12
210 12 189 12
210 12 189 12
210 12 189 12
210 12 189 12
210 12 189 12
210 12 189 12
210 12 189 12
210 12 189 12
210 12 189 12
210 12 189 12
210 12 189 12
210 12 189 12
210 12 189 12
210 12 189 12
210 12 189 12
210 12 189 12
210 12 189 12
210 12 189 12
210 12 189 12
210 12 189 12
210 12 189 12
210 13 210 12
210 13 210 12
210 13 210 12
210 13 210 12
210 13 210 12
210 13 210 12
210 13 210 12
210 13 210 12
210 13 210 12
210 13 210 12
210 13 210 12
210 13 210 12
210 13 210 12
210 13 210 12
210 13 210 12
210 13 210 12
210 13 210 12
210 13 210 12
210 13 210 12
210 13 210 12
210 13 210 12
210 13 210 12
210 13 210 12
210 13 210 12
210 13 210 12
210 13 210 12
210 13 210 12
210 13 210 12
210 13 189 13
210 13 189 13
210 13 189 13
210 13 189 13
210 13 189 13
210 13 189 13
210 13 189 13
210 13 189 13
210 13 189 13
210 13 189 13
210 13 189 13
210 13 189 13
210 13 189 13
210 13 189 13
210 13 189 13
210 13 189 13
210 13 189 13
210 13 189 13
210 13 189 13
210 13 189 13
210 13 189 13
210 13 189 13
210 13 189 13
210 13 189 13
210 13 189 13
210 13 189 13
210 13 189 13
210 13 189 13
210 13 189 13
210 13 189 13
210 13 189 13
210 13 189 13
210 13 189 13
210 13 189 13
210 13 189 13
210 13 189 13
210 13 189 13
210 13 189 13
210 13 189 13
210 13 189 13
210 13 189 13
210 13 189 13
210 13 189 13
210 13 189 13
210 13 189 13
210 13 189 13
210 13 189 13
210 13 189 13
210 13 189 13
210 13 189 13
210 13 189 13
210 14 210 13
210 14 210 13
210 14 210 13
210 14 210 13
210 14 210 13
210 14 210 13
210 14 210 13
210 14 210 13
210 14 210 13
210 14 210 13
210 14 210 13
210 14 210 13
210 14 210 13
210 14 210 13
210 14 210 13
210 14 210 13
210 14 210 13
210 14 210 13
210 14 210 13
210 14 210 13
210 14 210 13
210 14 210 13
210 14 189 14
210 14 189 14
210 14 189 14
210 14 189 14
210 14 189 14
210 14 189 14
210 14 189 14
210 14 189 14
210 14 189 14
210 14 189 14
210 14 189 14
210 14 189 14
210 14 189 14
210 14 189 14
210 14 189 14
210 14 189 14
210 14 189 14
210 14 189 14
210 14 189 14
210 14 189 14
210 14 189 14
210 14 189 14
210 14 189 14
210 14 189 14
210 14 189 14
210 14 189 14
210 14 189 14
210 14 189 14
210 14 189 14
210 14 189 14
210 14 189 14
210 14 189 14
210 14 189 14
210 14 189 14
210 14 189 14
210 14 189 14
210 14 189 14
210 14 189 14
210 14 189 14
210 14 189 14
210 14 189 14
210 14 189 14
210 14 189 14
210 14 189 14
210 14 189 14
210 14 189 14
210 14 189 14
210 14 189 14
210 14 189 14
210 14 189 14
210 14 189 14
210 14 189 14
210 14 189 14
210 14 189 14
210 14 189 14
210 14 189 14
210 14 189 14
210 14 189 14
210 14 189 14
210 15 210 14
210 15 210 14
210 15 210 14
210 15 210 14
210 15 189 15
210 15 189 15
210 15 189 15
210 15 189 15
210 15 189 15
210 15 189 15
210 15 189 15
210 15 189 15
210 15 189 15
210 15 189 15
210 15 189 15
210 15 189 15
210 15 189 15
210 15 189 15
210 15 189 15
210 15 189 15
210 15 189 15
210 15 189 15
210 15 189 15
210 15 189 15
210 15 189 15
210 15 189 15
210 15 189 15
210 15 189 15
210 15 189 15
210 15 189 15
210 15 189 15
210 15 189 15
210 15 189 15
210 15 189 15
210 15 189 15
210 15 189 15
210 15 189 15
210 15 189 15
210 15 189 15
210 15 189 15
210 15 189 15
210 15 189 15
210 15 189 15
210 15 189 15
210 15 189 15
210 15 189 15
210 15 189 15
210 15 189 15
210 16 210 15
210 16 210 15
210 16 210 15
210 16 210 15
210 16 210 15
210 16 210 15
210 16 210 15
210 16 210 15
210 16 210 15
210 16 210 15
210 16 210 15
210 16 210 15
210 16 210 15
210 16 210 15
210 16 210 15
210 16 210 15
210 16 210 15
210 16 210 15
210 16 210 15
210 16 210 15
210 16 210 15
210 16 210 15
210 16 210 15
210 16 210 15
210 16 210 15
210 16 210 15
210 16 210 15
210 16 210 15
210 16 189 16
210 16 189 16
210 16 189 16
210 16 189 16
210 16 189 16
210 16 189 16
210 16 189 16
210 16 189 16
210 16 189 16
210 16 189 16
210 16 189 16
210 16 189 16
210 16 189 16
210 16 189 16
210 16 189 16
210 16 189 16
210 16 189 16
210 16 189 16
210 16 189 16
210 16 189 16
210 16 189 16
210 16 189 16
210 16 189 16
210 16 189 16
210 16 189 16
210 16 189 16
210 16 189 16
210 16 189 16
210 16 189 16
210 16 189 16
210 16 189 16
210 16 189 16
210 16 189 16
210 16 189 16
210 16 189 16
210 16 189 16
210 16 189 16
210 16 189 16
210 16 189 16
210 16 189 16
210 16 189 16
210 17 210 16
210 17 210 16
210 17 210 16
210 17 210 16
210 17 210 16
210 17 210 16
210 17 210 16
210 17 210 16
210 17 210 16
210 17 210 16
210 17 210 16
210 17 210 16
210 17 210 16
210 17 210 16
210 17 210 16
210 17 210 16
210 17 210 16
210 17 210 16
210 17 210 16
210 17 210 16
210 17 210 16
210 17 210 16
210 17 210 16
210 17 210 16
210 17 210 16
210 17 210 16
210 17 210 16
210 17 210 16
210 17 210 16
210 17 189 17
210 17 189 17
210 17 189 17
210 17 189 17
210 17 189 17
210 17 189 17
210 17 189 17
210 17 189 17
210 17 189 17
210 17 189 17
210 17 189 17
210 17 189 17
210 17 189 17
210 17 189 17
210 17 189 17
210 17 189 17
210 17 189 17
210 17 189 17
210 17 189 17
210 17 189 17
210 17 189 17
210 17 189 17
210 17 189 17
210 17 189 17
210 17 189 17
210 17 189 17
210 17 189 17
210 17 189 17
210 17 189 17
210 17 189 17
210 17 189 17
210 17 189 17
210 17 189 17
210 17 189 17
210 17 189 17
210 17 189 17
210 17 189 17
210 17 189 17
210 17 189 17
210 17 189 17
210 17 189 17
210 17 189 17
210 17 189 17
210 17 189 17
210 17 189 17
210 17 189 17
210 17 189 17
210 17 189 17
210 18 210 17
210 18 210 17
210 18 210 17
210 18 210 17
210 18 210 17
210 18 210 17
210 18 210 17
210 18 210 17
210 18 210 17
210 18 210 17
210 18 210 17
210 18 210 17
210 18 210 17
210 18 210 17
210 18 210 17
210 18 210 17
210 18 210 17
210 18 210 17
210 18 210 17
210 18 210 17
210 18 210 17
210 18 189 18
210 18 189 18
210 18 189 18
210 18 189 18
210 18 189 18
210 18 189 18
210 18 189 18
210 18 189 18
210 18 189 18
210 18 189 18
210 18 189 18
210 18 189 18
210 18 189 18
210 18 189 18
210 18 189 18
210 18 189 18
210 18 189 18
210 18 189 18
210 18 189 18
210 18 189 18
210 18 189 18
210 18 189 18
210 18 189 18
210 18 189 18
210 18 189 18
210 18 189 18
210 18 189 18
210 18 189 18
210 18 189 18
210 18 189 18
210 18 189 18
210 18 189 18
210 18 189 18
210 18 189 18
210 18 189 18
210 18 189 18
210 18 189 18
210 18 189 18
210 18 189 18
210 18 189 18
210 18 189 18
210 18 189 18
210 18 189 18
210 18 189 18
210 18 189 18
210 18 189 18
210 18 189 18
210 18 189 18
210 18 189 18
210 18 189 18
210 19 210 18
210 19 210 18
210 19 210 18
210 19 210 18
210 19 210 18
210 19 210 18
210 19 210 18
210 19 210 18
210 19 210 18
210 19 210 18
210 19 210 18
210 19 210 18
210 19 210 18
210 19 210 18
210 19 210 18
210 19 210 18
210 19 189 19
210 19 189 19
210 19 189 19
210 19 189 19
210 19 189 19
210 19 189 19
210 19 189 19
210 19 189 19
210 19 189 19
210 19 189 19
210 19 189 19
210 19 189 19
210 19 189 19
210 19 189 19
210 19 189 19
210 19 189 19
210 19 189 19
210 19 189 19
210 19 189 19
210 19 189 19
210 19 189 19
210 19 189 19
210 19 189 19
210 19 189 19
210 19 189 19
210 19 189 19
210 19 189 19
210 19 189 19
210 19 189 19
210 19 189 19
210 19 189 19
210 19 189 19
210 19 189 19
210 19 189 19
210 19 189 19
210 19 189 19
210 19 189 19
210 19 189 19
210 19 189 19
210 19 189 19
210 19 189 19
210 19 189 19
210 19 189 19
210 19 189 19
210 19 189 19
210 19 189 19
210 19 189 19
210 19 189 19
210 19 189 19
210 19 189 19
210 19 189 19
210 19 189 19
210 19 189 19
210 19 189 19
210 19 189 19
210 19 189 19
210 19 189 19
210 19 189 19
210 20 189 21
210 20 189 21
210 20 189 21
210 20 189 21
210 20 189 21
210 20 189 21
210 20 189 21
210 20 189 21
210 20 189 21
210 20 189 21
210 20 189 21
210 20 189 21
210 20 189 21
210 20 189 20
210 20 189 20
210 20 189 20
210 20 189 20
210 20 189 20
210 20 189 20
210 20 189 20
210 20 189 20
210 20 189 20
210 20 189 20
210 20 189 20
210 20 189 20
210 20 189 20
210 20 189 20
210 20 189 20
210 20 189 20
210 20 189 20
210 20 189 20
210 20 189 20
210 20 189 20
210 20 189 20
210 20 189 20
210 20 189 20
210 20 189 20
210 20 189 20
210 20 189 20
210 20 189 20
210 20 189 20
210 20 189 20
210 20 189 20
210 20 189 20
210 20 189 20
210 20 189 20
210 20 189 20
210 20 189 20
210 20 189 20
210 20 189 20
210 20 189 20
210 20 189 20
210 20 189 20
210 20 189 20
210 20 189 20
210 20 189 20
210 20 189 20
210 20 189 20
210 20 189 20
210 20 189 20
210 20 189 20
210 20 189 20
210 20 189 20
210 20 189 20
210 20 189 20
210 20 189 20
210 20 189 20
210 20 189 20
210 20 189 20
210 20 189 20
210 21 210 20
210 21 210 20
210 21 210 20
210 21 210 20
210 21 210 20
210 21 210 20
210 21 210 20
210 21 210 20
210 21 210 20
210 21 210 20
210 21 210 20
210 21 210 20
210 21 210 20
210 21 210 20
210 21 210 20
210 21 210 20
210 21 210 20
210 21 210 20
210 21 210 20
210 21 210 20
210 21 210 20
210 21 210 20
210 21 210 20
210 21 210 20
210 21 210 20
210 21 210 20
210 21 210 20
210 21 189 22
210 21 189 22
210 21 189 22
210 21 189 22
210 21 189 22
210 21 189 22
210 21 189 22
210 21 189 22
210 21 189 22
210 21 189 22
210 21 189 22
210 21 189 22
210 21 189 22
210 21 189 22
210 21 189 22
210 21 189 22
210 21 189 22
210 21 189 22
210 21 189 22
210 21 189 22
210 21 189 22
210 21 189 22
210 21 189 22
210 21 189 22
210 21 189 22
210 21 189 22
210 21 189 22
210 21 189 22
210 21 189 21
210 21 189 21
210 21 189 21
210 21 189 21
210 21 189 21
210 21 189 21
210 21 189 21
210 21 189 21
210 21 189 21
210 21 189 21
210 21 189 21
210 21 189 21
210 21 189 21
210 21 189 21
210 21 189 21
210 21 189 21
210 21 189 21
210 21 189 21
210 21 189 21
210 21 189 21
210 21 189 21
210 21 189 21
210 21 189 21
210 21 189 21
210 21 189 21
210 21 189 21
210 21 189 21
210 21 189 21
210 21 189 21
210 21 189 21
210 21 189 21
210 22 210 21
210 22 210 21
210 22 210 21
210 22 210 21
210 22 210 21
210 22 210 21
210 22 210 21
210 22 210 21
210 22 210 21
210 22 210 21
210 22 210 21
210 22 210 21
210 22 210 21
210 22 210 21
210 22 210 21
210 22 210 21
210 22 210 21
210 22 210 21
210 22 210 21
210 22 210 21
210 22 210 21
210 22 210 21
210 22 210 21
210 22 189 23
210 22 189 23
210 22 189 23
210 22 189 23
210 22 189 23
210 22 189 23
210 22 189 23
210 22 189 23
210 22 189 23
210 22 189 23
210 22 189 23
210 22 189 23
210 22 189 23
210 22 189 23
210 22 189 23
210 22 189 23
210 22 189 23
210 22 189 23
210 22 189 23
210 22 189 23
210 22 189 23
210 22 189 23
210 22 189 23
210 22 189 23
210 22 189 23
210 22 189 23
210 22 189 23
210 22 189 23
210 22 189 23
210 22 189 23
210 22 189 23
210 22 189 23
210 22 189 23
210 22 189 23
210 22 189 22
210 22 189 22
210 22 189 22
210 22 189 22
210 22 189 22
210 22 189 22
210 22 189 22
210 22 189 22
210 22 189 22
210 22 189 22
210 22 189 22
210 22 189 22
210 22 189 22
210 22 189 22
210 22 189 22
210 22 189 22
210 22 189 22
210 22 189 22
210 23 210 22
210 23 210 22
210 23 210 22
210 23 210 22
210 23 210 22
210 23 210 22
210 23 210 22
210 23 210 22
210 23 210 22
210 23 210 22
210 23 210 22
210 23 210 22
210 23 210 22
210 23 210 22
210 23 210 22
210 23 210 22
210 23 210 22
210 23 210 22
210 23 210 22
210 23 210 22
210 23 210 22
210 23 210 22
210 23 210 22
210 23 210 22
210 23 210 22
210 23 210 22
210 23 210 22
210 23 210 22
210 23 210 22
210 23 210 22
210 23 210 22
210 23 210 22
210 23 210 22
210 23 210 22
210 23 210 22
210 23 210 22
210 23 210 22
210 23 210 22
210 23 210 22
210 23 210 22
210 23 210 22
210 23 210 22
210 23 210 22
210 23 189 24
210 23 189 24
210 23 189 24
210 23 189 24
210 23 189 24
210 23 189 24
210 23 189 24
210 23 189 24
210 23 189 24
210 23 189 24
210 23 189 24
210 23 189 24
210 23 189 24
210 23 189 24
210 23 189 24
210 23 189 24
210 23 189 24
210 23 189 24
210 23 189 24
210 23 189 23
210 23 189 23
210 23 189 23
210 23 189 23
210 23 189 23
210 23 189 23
210 23 189 23
210 23 189 23
210 23 189 23
210 23 189 23
210 23 189 23
210 23 189 23
210 23 189 23
210 23 189 23
210 23 189 23
210 23 189 23
210 23 189 23
210 23 189 23
210 23 189 23
210 23 189 23
210 23 189 23
210 23 189 23
210 23 189 23
210 24 210 23
210 24 210 23
210 24 210 23
210 24 210 23
210 24 210 23
210 24 210 23
210 24 210 23
210 24 210 23
210 24 210 23
210 24 210 23
210 24 210 23
210 24 210 23
210 24 210 23
210 24 210 23
210 24 210 23
210 24 210 23
210 24 210 23
210 24 210 23
210 24 210 23
210 24 210 23
210 24 210 23
210 24 210 23
210 24 210 23
210 24 210 23
210 24 210 23
210 24 210 23
210 24 210 23
210 24 210 23
210 24 210 23
210 24 210 23
210 24 210 23
210 24 210 23
210 24 210 23
210 24 210 23
210 24 210 23
210 24 210 23
210 24 210 23
210 24 210 23
210 24 210 23
210 24 210 23
210 24 210 23
210 24 210 23
210 24 210 23
210 24 210 23
210 24 210 23
210 24 210 23
210 24 210 23
210 24 210 23
210 24 210 23
210 24 210 23
210 24 189 24
210 24 189 24
210 24 189 24
210 24 189 24
210 24 189 24
210 24 189 24
210 24 189 24
210 24 189 24
210 24 189 24
210 24 189 24
210 24 189 24
210 24 189 24
210 24 189 24
210 24 189 24
210 24 189 24
210 24 189 24
210 24 189 24
210 24 189 24
210 24 189 24
210 24 189 24
210 24 189 24
210 24 189 24
210 24 189 24
210 24 189 24
210 24 189 24
210 24 189 24
210 24 189 24
210 24 189 24
210 24 189 24
210 24 189 24
210 24 189 24
210 24 189 24
210 24 189 24
210 25 210 24
210 25 210 24
210 25 210 24
210 25 210 24
210 25 210 24
210 25 210 24
210 25 210 24
210 25 189 25
210 25 189 25
210 25 189 25
210 25 189 25
210 25 189 25
210 25 189 25
210 25 189 25
210 25 189 25
210 25 189 25
210 25 189 25
210 25 189 25
210 25 189 25
210 25 189 25
210 25 189 25
210 25 189 25
210 25 189 25
210 25 189 25
210 25 189 25
210 25 189 25
210 25 189 25
210 25 189 25
210 25 189 25
210 25 189 25
210 25 189 25
210 25 189 25
210 25 189 25
210 25 189 25
210 25 189 25
210 25 189 25
210 25 189 25
210 25 189 25
210 25 189 25
210 25 189 25
210 25 189 25
210 25 189 25
210 25 189 25
210 25 189 25
210 25 189 25
210 25 189 25
210 25 189 25
210 25 189 25
210 25 189 25
210 25 189 25
210 25 189 25
210 25 189 25
210 26 189 26
210 26 189 26
210 26 189 26
210 26 189 26
210 26 189 26
210 26 189 26
210 26 189 26
210 26 189 26
210 26 189 26
210 26 189 26
210 26 189 26
210 26 189 26
210 26 189 26
210 26 189 26
210 26 189 26
210 26 189 26
210 26 189 26
210 26 189 26
210 26 189 26
210 26 189 26
210 26 189 26
210 26 189 26
210 26 189 26
210 26 189 26
210 26 189 26
210 26 189 26
210 26 189 26
210 26 189 26
210 26 189 26
210 26 189 26
210 26 189 26
210 26 189 26
210 26 189 26
210 26 189 26
210 26 189 26
210 26 189 26
210 26 189 26
210 26 189 26
210 26 189 26
210 26 189 26
210 26 189 26
210 26 189 26
210 26 189 26
210 26 189 26
210 26 189 26
210 26 189 26
210 26 189 26
210 26 189 26
210 26 189 26
210 26 189 26
210 27 189 28
210 27 189 27
210 27 189 27
210 27 189 27
210 27 189 27
210 27 189 27
210 27 189 27
210 27 189 27
210 27 189 27
210 27 189 27
210 27 189 27
210 27 189 27
210 27 189 27
210 27 189 27
210 27 189 27
210 27 189 27
210 27 189 27
210 27 189 27
210 27 189 27
210 27 189 27
210 27 189 27
210 27 189 27
210 27 189 27
210 27 189 27
210 27 189 27
210 27 189 27
210 27 189 27
210 27 189 27
210 27 189 27
210 27 189 27
210 27 189 27
210 27 189 27
210 27 189 27
210 27 189 27
210 27 189 27
210 27 189 27
210 27 189 27
210 27 189 27
210 27 189 27
210 27 189 27
210 28 210 27
210 28 210 27
210 28 210 27
210 28 210 27
210 28 210 27
210 28 210 27
210 28 210 27
210 28 210 27
210 28 210 27
210 28 210 27
210 28 210 27
210 28 189 29
210 28 189 29
210 28 189 29
210 28 189 29
210 28 189 29
210 28 189 28
210 28 189 28
210 28 189 28
210 28 189 28
210 28 189 28
210 28 189 28
210 28 189 28
210 28 189 28
210 28 189 28
210 28 189 28
210 28 189 28
210 28 189 28
210 28 189 28
210 28 189 28
210 28 189 28
210 28 189 28
210 28 189 28
210 28 189 28
210 28 189 28
210 28 189 28
210 28 189 28
210 28 189 28
210 28 189 28
210 28 189 28
210 28 189 28
210 28 189 28
210 28 189 28
210 28 189 28
210 28 189 28
210 28 189 28
210 28 189 28
210 28 189 28
210 28 189 28
210 28 189 28
210 28 189 28
210 28 189 28
210 28 189 28
210 28 189 28
210 28 189 28
210 28 189 28
210 28 189 28
210 28 189 28
210 28 189 28
210 28 189 28
210 28 189 28
210 28 189 28
210 28 189 28
210 28 189 28
210 28 189 28
210 28 189 28
210 28 189 28
210 28 189 28
210 28 189 28
210 28 189 28
210 28 189 28
210 28 189 28
210 28 189 28
210 28 189 28
210 28 189 28
210 28 189 28
210 28 189 28
210 28 189 28
210 29 210 28
210 29 210 28
210 29 210 28
210 29 210 28
210 29 210 28
210 29 210 28
210 29 210 28
210 29 210 28
210 29 210 28
210 29 210 28
210 29 210 28
210 29 210 28
210 29 210 28
210 29 210 28
210 29 210 28
210 29 210 28
210 29 210 28
210 29 210 28
210 29 210 28
210 29 210 28
210 29 189 29
210 29 189 29
210 29 189 29
210 29 189 29
210 29 189 29
210 29 189 29
210 29 189 29
210 29 189 29
210 29 189 29
210 29 189 29
210 29 189 29
210 29 189 29
210 29 189 29
210 29 189 29
210 29 189 29
210 29 189 29
210 29 189 29
210 29 189 29
210 29 189 29
210 29 189 29
210 29 189 29
210 29 189 29
210 29 189 29
210 29 189 29
210 29 189 29
210 29 189 29
210 29 189 29
210 29 189 29
210 29 189 29
210 29 189 29
210 29 189 29
210 29 189 29
210 29 189 29
210 29 189 29
210 29 189 29
210 29 189 29
210 29 189 29
210 29 189 29
210 29 189 29
210 29 189 29
210 29 189 29
210 29 189 29
210 29 189 29
210 29 189 29
210 29 189 29
210 29 189 29
210 29 189 29
210 29 189 29
210 29 189 29
210 29 189 29
210 29 189 29
210 29 189 29
210 29 189 29
210 29 189 29
210 29 189 29
210 29 189 29
210 29 189 29
210 30 189 30
210 30 189 30
210 30 189 30
210 30 189 30
210 30 189 30
210 30 189 30
210 30 189 30
210 30 189 30
210 30 189 30
210 30 189 30
210 30 189 30
210 30 189 30
210 30 189 30
210 30 189 30
210 30 189 30
210 30 189 30
210 30 189 30
231 0 210 1
231 0 210 1
231 0 210 1
231 0 210 1
231 0 210 1
231 0 210 1
231 0 210 1
231 0 210 1
231 0 210 1
231 0 210 1
231 0 210 1
231 0 210 1
231 0 210 1
231 0 210 1
231 0 210 1
231 0 210 1
231 0 210 1
231 0 210 1
231 0 210 1
231 0 210 1
231 0 210 1
231 0 210 1
231 0 210 1
231 0 210 1
231 0 210 1
231 0 210 1
231 0 210 1
231 0 210 1
231 0 210 1
231 0 210 1
231 0 210 1
231 0 210 1
231 0 210 1
231 1 231 0
231 1 231 0
231 1 231 0
231 1 231 0
231 1 231 0
231 1 231 0
231 1 231 0
231 1 231 0
231 1 231 0
231 1 231 0
231 1 231 0
231 1 231 0
231 1 210 2
231 1 210 2
231 1 210 2
231 1 210 2
231 1 210 2
231 1 210 2
231 1 210 2
231 1 210 2
231 1 210 2
231 1 210 2
231 1 210 2
231 1 210 2
231 1 210 2
231 1 210 2
231 1 210 2
231 1 210 2
231 1 210 2
231 1 210 2
231 1 210 2
231 1 210 2
231 1 210 2
231 1 210 2
231 1 210 2
231 1 210 2
231 1 210 2
231 1 210 2
231 1 210 2
231 1 210 2
231 1 210 2
231 1 210 2
231 1 210 2
231 1 210 2
231 1 210 2
231 1 210 2
231 1 210 2
231 1 210 2
231 1 210 2
231 1 210 2
231 1 210 2
231 1 210 2
231 1 210 2
231 1 210 2
231 1 210 2
231 2 231 1
231 2 231 1
231 2 231 1
231 2 231 1
231 2 231 1
231 2 231 1
231 2 231 1
231 2 231 1
231 2 231 1
231 2 231 1
231 2 231 1
231 2 231 1
231 2 210 3
231 2 210 3
231 2 210 3
231 2 210 3
231 2 210 3
231 2 210 3
231 2 210 3
231 2 210 3
231 2 210 3
231 2 210 3
231 2 210 3
231 2 210 3
231 2 210 3
231 2 210 3
231 2 210 3
231 2 210 3
231 2 210 3
231 2 210 3
231 2 210 3
231 2 210 3
231 2 210 3
231 2 210 3
231 2 210 3
231 2 210 3
231 2 210 3
231 2 210 3
231 2 210 3
231 2 210 3
231 2 210 3
231 2 210 3
231 2 210 3
231 2 210 3
231 2 210 3
231 2 210 3
231 2 210 3
231 2 210 3
231 2 210 3
231 2 210 3
231 2 210 3
231 2 210 3
231 2 210 3
231 3 231 2
231 3 231 2
231 3 231 2
231 3 231 2
231 3 231 2
231 3 231 2
231 3 231 2
231 3 231 2
231 3 231 2
231 3 231 2
231 3 231 2
231 3 231 2
231 3 231 2
231 3 231 2
231 3 210 4
231 3 210 4
231 3 210 4
231 3 210 4
231 3 210 4
231 3 210 4
231 3 210 4
231 3 210 4
231 3 210 4
231 3 210 4
231 3 210 4
231 3 210 4
231 3 210 4
231 3 210 4
231 3 210 4
231 3 210 4
231 3 210 4
231 3 210 4
231 3 210 4
231 3 210 4
231 3 210 4
231 3 210 4
231 3 210 4
231 3 210 4
231 3 210 4
231 3 210 4
231 3 210 4
231 3 210 4
231 3 210 4
231 3 210 4
231 3 210 4
231 4 231 3
231 4 231 3
231 4 231 3
231 4 231 3
231 4 231 3
231 4 231 3
231 4 231 3
231 4 231 3
231 4 231 3
231 4 231 3
231 4 231 3
231 4 231 3
231 4 231 3
231 4 231 3
231 4 231 3
231 4 231 3
231 4 231 3
231 4 231 3
231 4 231 3
231 4 231 3
231 4 231 3
231 4 231 3
231 4 231 3
231 4 231 3
231 4 231 3
231 4 231 3
231 4 231 3
231 4 231 3
231 4 231 3
231 4 210 5
231 4 210 5
231 4 210 5
231 4 210 5
231 4 210 5
231 4 210 5
231 4 210 5
231 4 210 5
231 4 210 5
231 4 210 5
231 4 210 5
231 4 210 5
231 4 210 5
231 4 210 5
231 4 210 5
231 4 210 5
231 4 210 5
231 4 210 5
231 4 210 5
231 4 210 5
231 4 210 5
231 4 210 5
231 4 210 5
231 4 210 5
231 4 210 5
231 4 210 5
231 4 210 5
231 4 210 5
231 4 210 5
231 4 210 5
231 4 210 5
231 5 231 4
231 5 231 4
231 5 231 4
231 5 231 4
231 5 231 4
231 5 231 4
231 5 231 4
231 5 231 4
231 5 231 4
231 5 231 4
231 5 231 4
231 5 231 4
231 5 231 4
231 5 231 4
231 5 231 4
231 5 231 4
231 5 231 4
231 5 231 4
231 5 231 4
231 5 231 4
231 5 231 4
231 5 210 6
231 5 210 6
231 5 210 6
231 5 210 6
231 5 210 6
231 5 210 6
231 5 210 6
231 5 210 6
231 5 210 6
231 5 210 6
231 5 210 6
231 5 210 6
231 5 210 6
231 5 210 6
231 5 210 6
231 5 210 6
231 5 210 6
231 5 210 6
231 5 210 6
231 5 210 6
231 5 210 6
231 5 210 6
231 5 210 6
231 5 210 6
231 5 210 6
231 5 210 6
231 5 210 6
231 5 210 6
231 5 210 6
231 5 210 6
231 5 210 6
231 5 210 6
231 5 210 6
231 5 210 6
231 5 210 6
231 5 210 6
231 5 210 6
231 5 210 6
231 5 210 6
231 5 210 6
231 6 231 5
231 6 231 5
231 6 231 5
231 6 231 5
231 6 231 5
231 6 231 5
231 6 231 5
231 6 231 5
231 6 231 5
231 6 231 5
231 6 231 5
231 6 231 5
231 6 231 5
231 6 231 5
231 6 231 5
231 6 231 5
231 6 210 7
231 6 210 7
231 6 210 7
231 6 210 7
231 6 210 7
231 6 210 7
231 6 210 7
231 6 210 7
231 6 210 7
231 6 210 7
231 6 210 7
231 6 210 7
231 6 210 7
231 6 210 7
231 6 210 7
231 6 210 7
231 6 210 7
231 6 210 7
231 6 210 7
231 6 210 7
231 6 210 7
231 6 210 7
231 6 210 7
231 6 210 7
231 6 210 7
231 6 210 7
231 6 210 7
231 6 210 7
231 6 210 7
231 6 210 7
231 6 210 7
231 6 210 7
231 6 210 7
231 6 210 7
231 7 231 6
231 7 231 6
231 7 231 6
231 7 231 6
231 7 231 6
231 7 231 6
231 7 231 6
231 7 231 6
231 7 231 6
231 7 231 6
231 7 231 6
231 7 231 6
231 7 210 8
231 7 210 8
231 7 210 8
231 7 210 8
231 7 210 8
231 7 210 8
231 7 210 8
231 7 210 8
231 7 210 8
231 7 210 8
231 7 210 8
231 7 210 8
231 7 210 8
231 7 210 8
231 7 210 8
231 7 210 8
231 7 210 8
231 7 210 8
231 7 210 8
231 7 210 8
231 7 210 8
231 7 210 8
231 7 210 8
231 7 210 8
231 7 210 8
231 7 210 8
231 7 210 8
231 7 210 8
231 7 210 8
231 7 210 8
231 7 210 8
231 7 210 8
231 7 210 8
231 7 210 8
231 7 210 8
231 7 210 8
231 7 210 8
231 7 210 8
231 7 210 8
231 7 210 8
231 8 231 7
231 8 231 7
231 8 231 7
231 8 231 7
231 8 231 7
231 8 231 7
231 8 231 7
231 8 231 7
231 8 231 7
231 8 231 7
231 8 231 7
231 8 231 7
231 8 231 7
231 8 231 7
231 8 231 7
231 8 231 7
231 8 210 9
231 8 210 9
231 8 210 9
231 8 210 9
231 8 210 9
231 8 210 9
231 8 210 9
231 8 210 9
231 8 210 9
231 8 210 9
231 8 210 9
231 8 210 9
231 8 210 9
231 8 210 9
231 8 210 9
231 8 210 9
231 8 210 9
231 8 210 9
231 8 210 9
231 8 210 9
231 8 210 9
231 8 210 9
231 8 210 9
231 8 210 9
231 8 210 9
231 8 210 9
231 8 210 9
231 8 210 9
231 8 210 9
231 8 210 9
231 8 210 9
231 8 210 9
231 8 210 9
231 8 210 9
231 8 210 9
231 9 231 8
231 9 231 8
231 9 231 8
231 9 231 8
231 9 231 8
231 9 231 8
231 9 231 8
231 9 231 8
231 9 231 8
231 9 231 8
231 9 231 8
231 9 231 8
231 9 231 8
231 9 231 8
231 9 231 8
231 9 231 8
231 9 231 8
231 9 231 8
231 9 231 8
231 9 231 8
231 9 231 8
231 9 231 8
231 9 231 8
231 9 231 8
231 9 231 8
231 9 210 10
231 9 210 10
231 9 210 10
231 9 210 10
231 9 210 10
231 9 210 10
231 9 210 10
231 9 210 10
231 9 210 10
231 9 210 10
231 9 210 10
231 9 210 10
231 9 210 10
231 9 210 10
231 9 210 10
231 9 210 10
231 9 210 10
231 9 210 10
231 9 210 10
231 9 210 10
231 9 210 10
231 9 210 10
231 9 210 10
231 9 210 10
231 9 210 10
231 9 210 10
231 9 210 10
231 9 210 10
231 10 231 9
231 10 231 9
231 10 231 9
231 10 231 9
231 10 231 9
231 10 231 9
231 10 231 9
231 10 231 9
231 10 231 9
231 10 231 9
231 10 231 9
231 10 231 9
231 10 231 9
231 10 231 9
231 10 231 9
231 10 231 9
231 10 231 9
231 10 231 9
231 10 231 9
231 10 210 11
231 10 210 11
231 10 210 11
231 10 210 11
231 10 210 11
231 10 210 11
231 10 210 11
231 10 210 11
231 10 210 11
231 10 210 11
231 10 210 11
231 10 210 11
231 10 210 11
231 10 210 11
231 10 210 11
231 10 210 11
231 10 210 11
231 10 210 11
231 10 210 11
231 10 210 11
231 10 210 11
231 10 210 11
231 10 210 11
231 10 210 11
231 10 210 11
231 10 210 11
231 10 210 11
231 10 210 11
231 10 210 11
231 10 210 11
231 10 210 11
231 10 210 11
231 10 210 11
231 10 210 11
231 10 210 11
231 10 210 11
231 10 210 11
231 10 210 11
231 10 210 11
231 10 210 11
231 10 210 11
231 10 210 11
231 10 210 11
231 11 231 10
231 11 231 10
231 11 231 10
231 11 231 10
231 11 231 10
231 11 231 10
231 11 231 10
231 11 231 10
231 11 231 10
231 11 231 10
231 11 231 10
231 11 231 10
231 11 231 10
231 11 231 10
231 11 231 10
231 11 231 10
231 11 231 10
231 11 231 10
231 11 231 10
231 11 231 10
231 11 231 10
231 11 231 10
231 11 231 10
231 11 231 10
231 11 231 10
231 11 210 12
231 11 210 12
231 11 210 12
231 11 210 12
231 11 210 12
231 11 210 12
231 11 210 12
231 11 210 12
231 11 210 12
231 11 210 12
231 11 210 12
231 11 210 12
231 11 210 12
231 11 210 12
231 11 210 12
231 11 210 12
231 11 210 12
231 11 210 12
231 11 210 12
231 12 231 11
231 12 231 11
231 12 231 11
231 12 231 11
231 12 231 11
231 12 231 11
231 12 231 11
231 12 231 11
231 12 231 11
231 12 231 11
231 12 231 11
231 12 231 11
231 12 231 11
231 12 231 11
231 12 231 11
231 12 231 11
231 12 231 11
231 12 210 13
231 12 210 13
231 12 210 13
231 12 210 13
231 12 210 13
231 12 210 13
231 12 210 13
231 12 210 13
231 12 210 13
231 12 210 13
231 12 210 13
231 12 210 13
231 12 210 13
231 12 210 13
231 12 210 13
231 12 210 13
231 12 210 13
231 12 210 13
231 12 210 13
231 12 210 13
231 12 210 13
231 12 210 13
231 12 210 13
231 12 210 13
231 12 210 13
231 12 210 13
231 12 210 13
231 12 210 13
231 12 210 13
231 12 210 13
231 13 231 12
231 13 231 12
231 13 231 12
231 13 231 12
231 13 231 12
231 13 231 12
231 13 231 12
231 13 231 12
231 13 231 12
231 13 231 12
231 13 231 12
231 13 231 12
231 13 231 12
231 13 231 12
231 13 231 12
231 13 231 12
231 13 231 12
231 13 231 12
231 13 210 14
231 13 210 14
231 13 210 14
231 13 210 14
231 13 210 14
231 13 210 14
231 13 210 14
231 13 210 14
231 13 210 14
231 13 210 14
231 13 210 14
231 13 210 14
231 13 210 14
231 13 210 14
231 13 210 14
231 13 210 14
231 13 210 14
231 13 210 14
231 13 210 14
231 13 210 14
231 13 210 14
231 13 210 14
231 13 210 14
231 13 210 14
231 13 210 14
231 13 210 14
231 13 210 14
231 13 210 14
231 13 210 14
231 13 210 14
231 13 210 14
231 13 210 14
231 13 210 14
231 13 210 14
231 13 210 14
231 13 210 14
231 13 210 14
231 13 210 14
231 13 210 14
231 14 231 13
231 14 231 13
231 14 231 13
231 14 231 13
231 14 231 13
231 14 231 13
231 14 231 13
231 14 231 13
231 14 231 13
231 14 231 13
231 14 231 13
231 14 231 13
231 14 231 13
231 14 231 13
231 14 231 13
231 14 231 13
231 14 231 13
231 14 231 13
231 14 231 13
231 14 231 13
231 14 231 13
231 14 231 13
231 14 231 13
231 14 231 13
231 14 231 13
231 14 231 13
231 14 231 13
231 14 231 13
231 14 231 13
231 14 231 13
231 14 210 15
231 14 210 15
231 14 210 15
231 14 210 15
231 14 210 15
231 14 210 15
231 14 210 15
231 14 210 15
231 14 210 15
231 14 210 15
231 14 210 15
231 14 210 15
231 14 210 15
231 14 210 15
231 14 210 15
231 14 210 15
231 14 210 15
231 14 210 15
231 14 210 15
231 14 210 15
231 14 210 15
231 14 210 15
231 14 210 15
231 14 210 15
231 14 210 15
231 14 210 15
231 15 231 14
231 15 231 14
231 15 231 14
231 15 231 14
231 15 231 14
231 15 231 14
231 15 231 14
231 15 231 14
231 15 231 14
231 15 231 14
231 15 231 14
231 15 231 14
231 15 231 14
231 15 231 14
231 15 231 14
231 15 231 14
231 15 231 14
231 15 231 14
231 15 231 14
231 15 231 14
231 15 231 14
231 15 231 14
231 15 231 14
231 15 231 14
231 15 231 14
231 15 231 14
231 15 210 16
231 15 210 16
231 15 210 16
231 15 210 16
231 15 210 16
231 15 210 16
231 15 210 16
231 15 210 16
231 15 210 16
231 15 210 16
231 15 210 16
231 15 210 16
231 15 210 16
231 15 210 16
231 15 210 16
231 15 210 16
231 16 231 15
231 16 231 15
231 16 231 15
231 16 231 15
231 16 231 15
231 16 231 15
231 16 231 15
231 16 231 15
231 16 231 15
231 16 231 15
231 16 231 15
231 16 231 15
231 16 231 15
231 16 231 15
231 16 231 15
231 16 231 15
231 16 231 15
231 16 231 15
231 16 231 15
231 16 231 15
231 16 231 15
231 16 231 15
231 16 210 17
231 16 210 17
231 16 210 17
231 16 210 17
231 16 210 17
231 16 210 17
231 16 210 17
231 16 210 17
231 16 210 17
231 16 210 17
231 16 210 17
231 16 210 17
231 16 210 17
231 16 210 17
231 16 210 17
231 16 210 17
231 16 210 17
231 16 210 17
231 16 210 17
231 16 210 17
231 16 210 17
231 16 210 17
231 16 210 17
231 16 210 17
231 16 210 17
231 16 210 17
231 16 210 17
231 17 231 16
231 17 231 16
231 17 231 16
231 17 231 16
231 17 231 16
231 17 231 16
231 17 231 16
231 17 231 16
231 17 231 16
231 17 231 16
231 17 231 16
231 17 231 16
231 17 231 16
231 17 231 16
231 17 231 16
231 17 231 16
231 17 231 16
231 17 231 16
231 17 231 16
231 17 231 16
231 17 231 16
231 17 231 16
231 17 231 16
231 17 231 16
231 17 231 16
231 17 231 16
231 17 231 16
231 17 231 16
231 17 231 16
231 17 231 16
231 17 231 16
231 17 231 16
231 17 210 18
231 17 210 18
231 17 210 18
231 17 210 18
231 17 210 18
231 17 210 18
231 17 210 18
231 17 210 18
231 17 210 18
231 17 210 18
231 17 210 18
231 17 210 18
231 17 210 18
231 17 210 18
231 17 210 18
231 17 210 18
231 17 210 18
231 17 210 18
231 17 210 18
231 18 231 17
231 18 231 17
231 18 231 17
231 18 231 17
231 18 231 17
231 18 231 17
231 18 231 17
231 18 231 17
231 18 231 17
231 18 231 17
231 18 231 17
231 18 231 17
231 18 231 17
231 18 231 17
231 18 231 17
231 18 231 17
231 18 231 17
231 18 210 19
231 18 210 19
231 18 210 19
231 18 210 19
231 18 210 19
231 18 210 19
231 18 210 19
231 18 210 19
231 18 210 19
231 18 210 19
231 18 210 19
231 18 210 19
231 18 210 19
231 18 210 19
231 18 210 19
231 18 210 19
231 18 210 19
231 18 210 19
231 18 210 19
231 18 210 19
231 18 210 19
231 18 210 19
231 18 210 19
231 18 210 19
231 18 210 19
231 18 210 19
231 18 210 19
231 18 210 19
231 18 210 19
231 18 210 19
231 18 210 19
231 18 210 19
231 18 210 19
231 18 210 19
231 18 210 19
231 18 210 19
231 18 210 19
231 18 210 19
231 18 210 19
231 18 210 19
231 18 210 19
231 18 210 19
231 18 210 19
231 18 210 19
231 18 210 19
231 19 231 18
231 19 231 18
231 19 231 18
231 19 231 18
231 19 231 18
231 19 231 18
231 19 231 18
231 19 231 18
231 19 231 18
231 19 231 18
231 19 231 18
231 19 231 18
231 19 231 18
231 19 231 18
231 19 231 18
231 19 231 18
231 19 231 18
231 19 231 18
231 19 231 18
231 19 231 18
231 19 231 18
231 19 231 18
231 19 231 18
231 19 231 18
231 19 231 18
231 19 231 18
231 19 231 18
231 19 231 18
231 19 231 18
231 19 231 18
231 19 231 18
231 19 231 18
231 19 231 18
231 19 231 18
231 19 231 18
231 19 210 20
231 19 210 20
231 19 210 20
231 19 210 20
231 19 210 20
231 19 210 20
231 19 210 20
231 19 210 20
231 19 210 20
231 19 210 20
231 19 210 20
231 19 210 20
231 19 210 20
231 19 210 20
231 19 210 20
231 19 210 20
231 19 210 20
231 19 210 20
231 20 231 19
231 20 231 19
231 20 231 19
231 20 231 19
231 20 231 19
231 20 231 19
231 20 231 19
231 20 231 19
231 20 231 19
231 20 231 19
231 20 231 19
231 20 231 19
231 20 231 19
231 20 231 19
231 20 231 19
231 20 231 19
231 20 231 19
231 20 231 19
231 20 231 19
231 20 231 19
231 20 231 19
231 20 231 19
231 20 231 19
231 20 231 19
231 20 231 19
231 20 231 19
231 20 231 19
231 20 231 19
231 20 231 19
231 20 231 19
231 20 231 19
231 20 231 19
231 20 231 19
231 20 231 19
231 20 210 21
231 20 210 21
231 20 210 21
231 20 210 21
231 20 210 21
231 20 210 21
231 20 210 21
231 20 210 21
231 20 210 21
231 20 210 21
231 20 210 21
231 20 210 21
231 20 210 21
231 20 210 21
231 20 210 21
231 20 210 21
231 20 210 21
231 20 210 21
231 20 210 21
231 20 210 21
231 20 210 21
231 20 210 21
231 20 210 21
231 20 210 21
231 20 210 21
231 20 210 21
231 20 210 21
231 21 231 20
231 21 231 20
231 21 231 20
231 21 231 20
231 21 231 20
231 21 231 20
231 21 231 20
231 21 231 20
231 21 231 20
231 21 231 20
231 21 231 20
231 21 231 20
231 21 231 20
231 21 231 20
231 21 231 20
231 21 231 20
231 21 231 20
231 21 231 20
231 21 231 20
231 21 231 20
231 21 231 20
231 21 231 20
231 21 231 20
231 21 231 20
231 21 231 20
231 21 231 20
231 21 231 20
231 21 231 20
231 21 231 20
231 21 231 20
231 21 231 20
231 21 231 20
231 21 231 20
231 21 210 22
231 21 210 22
231 21 210 22
231 21 210 22
231 21 210 22
231 21 210 22
231 21 210 22
231 21 210 22
231 21 210 22
231 21 210 22
231 21 210 22
231 21 210 22
231 21 210 22
231 21 210 22
231 21 210 22
231 22 231 21
231 22 231 21
231 22 231 21
231 22 231 21
231 22 231 21
231 22 231 21
231 22 231 21
231 22 231 21
231 22 231 21
231 22 231 21
231 22 231 21
231 22 231 21
231 22 231 21
231 22 231 21
231 22 231 21
231 22 231 21
231 22 231 21
231 22 231 21
231 22 231 21
231 22 231 21
231 22 231 21
231 22 231 21
231 22 231 21
231 22 231 21
231 22 231 21
231 22 231 21
231 22 231 21
231 22 231 21
231 22 231 21
231 22 231 21
231 22 231 21
231 22 231 21
231 22 210 23
231 22 210 23
231 22 210 23
231 22 210 23
231 22 210 23
231 22 210 23
231 22 210 23
231 22 210 23
231 22 210 23
231 23 231 22
231 23 231 22
231 23 231 22
231 23 231 22
231 23 231 22
231 23 231 22
231 23 231 22
231 23 231 22
231 23 231 22
231 23 231 22
231 23 231 22
231 23 231 22
231 23 231 22
231 23 231 22
231 23 231 22
231 23 231 22
231 23 231 22
231 23 231 22
231 23 231 22
231 23 231 22
231 23 231 22
231 23 231 22
231 23 231 22
231 23 231 22
231 23 231 22
231 23 231 22
231 23 231 22
231 23 231 22
231 23 231 22
231 23 231 22
231 23 231 22
231 23 231 22
231 23 231 22
231 23 210 24
231 23 210 24
231 23 210 24
231 23 210 24
231 23 210 24
231 23 210 24
231 23 210 24
231 23 210 24
231 23 210 24
231 23 210 24
231 23 210 24
231 23 210 24
231 23 210 24
231 23 210 24
231 23 210 24
231 23 210 24
231 23 210 24
231 23 210 24
231 23 210 24
231 24 231 23
231 24 231 23
231 24 231 23
231 24 231 23
231 24 231 23
231 24 231 23
231 24 231 23
231 24 231 23
231 24 231 23
231 24 231 23
231 24 231 23
231 24 231 23
231 24 231 23
231 24 231 23
231 24 231 23
231 24 231 23
231 24 231 23
231 24 231 23
231 24 231 23
231 24 231 23
231 24 231 23
231 24 231 23
231 24 231 23
231 24 231 23
231 24 231 23
231 24 231 23
231 24 231 23
231 24 210 25
231 24 210 24
231 24 210 24
231 24 210 24
231 24 210 24
231 24 210 24
231 24 210 24
231 24 210 24
231 24 210 24
231 24 210 24
231 24 210 24
231 24 210 24
231 24 210 24
231 24 210 24
231 24 210 24
231 24 210 24
231 24 210 24
231 24 210 24
231 24 210 24
231 24 210 24
231 24 210 24
231 24 210 24
231 24 210 24
231 24 210 24
231 24 210 24
231 25 231 24
231 25 231 24
231 25 231 24
231 25 231 24
231 25 231 24
231 25 231 24
231 25 231 24
231 25 231 24
231 25 231 24
231 25 231 24
231 25 210 26
231 25 210 26
231 25 210 26
231 25 210 26
231 25 210 26
231 25 210 26
231 25 210 26
231 25 210 26
231 25 210 26
231 25 210 26
231 25 210 26
231 25 210 26
231 25 210 26
231 25 210 26
231 25 210 26
231 25 210 26
231 25 210 26
231 25 210 26
231 25 210 26
231 25 210 26
231 25 210 26
231 25 210 26
231 25 210 26
231 25 210 26
231 25 210 26
231 25 210 26
231 25 210 26
231 25 210 26
231 25 210 26
231 25 210 26
231 25 210 26
231 25 210 26
231 25 210 26
231 25 210 26
231 25 210 26
231 25 210 26
231 25 210 25
231 25 210 25
231 25 210 25
231 25 210 25
231 25 210 25
231 25 210 25
231 25 210 25
231 25 210 25
231 25 210 25
231 25 210 25
231 25 210 25
231 25 210 25
231 25 210 25
231 25 210 25
231 25 210 25
231 25 210 25
231 25 210 25
231 25 210 25
231 25 210 25
231 25 210 25
231 25 210 25
231 25 210 25
231 25 210 25
231 25 210 25
231 25 210 25
231 25 210 25
231 25 210 25
231 25 210 25
231 25 210 25
231 25 210 25
231 25 210 25
231 25 210 25
231 25 210 25
231 25 210 25
231 25 210 25
231 25 210 25
231 26 231 25
231 26 231 25
231 26 231 25
231 26 231 25
231 26 231 25
231 26 231 25
231 26 231 25
231 26 231 25
231 26 231 25
231 26 231 25
231 26 231 25
231 26 231 25
231 26 231 25
231 26 231 25
231 26 231 25
231 26 231 25
231 26 231 25
231 26 231 25
231 26 231 25
231 26 231 25
231 26 231 25
231 26 210 27
231 26 210 27
231 26 210 27
231 26 210 27
231 26 210 27
231 26 210 27
231 26 210 27
231 26 210 27
231 26 210 27
231 26 210 27
231 26 210 27
231 26 210 27
231 26 210 27
231 26 210 27
231 26 210 27
231 26 210 27
231 26 210 27
231 26 210 27
231 26 210 27
231 26 210 27
231 26 210 27
231 26 210 27
231 26 210 27
231 26 210 27
231 26 210 27
231 26 210 27
231 26 210 27
231 26 210 27
231 26 210 27
231 26 210 27
231 26 210 27
231 26 210 27
231 26 210 27
231 26 210 27
231 26 210 27
231 26 210 27
231 26 210 27
231 26 210 27
231 26 210 27
231 27 231 26
231 27 231 26
231 27 231 26
231 27 231 26
231 27 231 26
231 27 231 26
231 27 231 26
231 27 231 26
231 27 231 26
231 27 231 26
231 27 231 26
231 27 231 26
231 27 231 26
231 27 231 26
231 27 231 26
231 27 231 26
231 27 231 26
231 27 231 26
231 27 231 26
231 27 231 26
231 27 231 26
231 27 231 26
231 27 231 26
231 27 231 26
231 27 231 26
231 27 210 28
231 27 210 28
231 27 210 28
231 27 210 28
231 27 210 28
231 27 210 28
231 27 210 28
231 27 210 28
231 27 210 28
231 27 210 28
231 27 210 28
231 27 210 28
231 27 210 28
231 27 210 28
231 27 210 28
231 27 210 28
231 27 210 28
231 27 210 28
231 27 210 28
231 27 210 28
231 27 210 28
231 27 210 28
231 27 210 28
231 27 210 28
231 27 210 28
231 28 231 27
231 28 231 27
231 28 231 27
231 28 231 27
231 28 231 27
231 28 231 27
231 28 231 27
231 28 231 27
231 28 231 27
231 28 231 27
231 28 210 29
231 28 210 29
231 28 210 29
231 28 210 29
231 28 210 29
231 28 210 29
231 28 210 29
231 28 210 29
231 28 210 29
231 28 210 29
231 28 210 29
231 28 210 29
231 28 210 29
231 28 210 29
231 28 210 29
231 28 210 29
231 28 210 29
231 28 210 29
231 28 210 29
231 28 210 29
231 28 210 29
231 28 210 29
231 28 210 29
231 28 210 29
231 28 210 29
231 28 210 29
231 28 210 29
231 28 210 29
231 28 210 29
231 28 210 29
231 28 210 29
231 28 210 29
231 28 210 29
231 28 210 29
231 28 210 29
231 28 210 29
231 28 210 29
231 28 210 29
231 28 210 29
231 28 210 29
231 28 210 29
231 28 210 29
231 28 210 29
231 28 210 29
231 28 210 28
231 28 210 28
231 28 210 28
231 28 210 28
231 29 231 28
231 29 231 28
231 29 231 28
231 29 231 28
231 29 231 28
231 29 231 28
231 29 231 28
231 29 231 28
231 29 231 28
231 29 231 28
231 29 231 28
231 29 231 28
231 29 231 28
231 29 231 28
231 29 231 28
231 29 231 28
231 29 231 28
231 29 231 28
231 29 231 28
231 29 231 28
231 29 231 28
231 29 231 28
231 29 231 28
231 29 231 28
231 29 210 30
231 29 210 30
231 29 210 30
231 29 210 30
231 29 210 30
231 29 210 30
231 29 210 30
231 29 210 30
231 29 210 30
231 29 210 30
231 29 210 30
231 29 210 30
231 29 210 30
231 29 210 30
231 29 210 30
231 29 210 30
231 29 210 30
231 29 210 30
231 29 210 30
231 29 210 30
231 29 210 30
231 29 210 30
231 29 210 30
231 29 210 30
231 29 210 30
231 29 210 30
231 29 210 30
231 29 210 30
231 29 210 30
231 29 210 30
231 29 210 29
231 30 231 30
231 30 231 30
231 30 231 30
231 30 231 30
231 30 231 30
231 30 231 30
231 30 231 30
231 30 231 30
231 30 231 29
231 30 231 29
231 30 231 29
231 30 231 29
231 30 231 29
231 30 231 29
231 30 231 29
231 30 231 29
231 30 231 29
231 30 231 29
231 30 231 29
231 30 231 29
231 30 231 29
231 30 231 29
231 30 231 29
231 30 231 29
231 30 210 30
231 30 210 30
231 30 210 30
231 30 210 30
231 30 210 30
231 30 210 30
231 30 210 30
231 30 210 30
231 30 210 30
231 30 210 30
231 30 210 30
231 30 210 30
231 30 210 30
252 0 231 1
252 0 231 1
252 0 231 1
252 0 231 1
252 0 231 1
252 0 231 1
252 0 231 1
252 0 231 1
252 0 231 1
252 0 231 1
252 0 231 1
252 0 231 1
252 0 231 1
252 0 231 1
252 0 231 1
252 0 231 1
252 0 231 1
252 1 252 0
252 1 252 0
252 1 252 0
252 1 252 0
252 1 252 0
252 1 252 0
252 1 252 0
252 1 231 2
252 1 231 2
252 1 231 2
252 1 231 2
252 1 231 2
252 1 231 2
252 1 231 2
252 1 231 2
252 1 231 2
252 1 231 2
252 1 231 2
252 1 231 2
252 1 231 2
252 1 231 2
252 1 231 2
252 1 231 2
252 1 231 2
252 1 231 2
252 1 231 2
252 1 231 2
252 2 252 1
252 2 252 1
252 2 252 1
252 2 252 1
252 2 252 1
252 2 252 1
252 2 231 3
252 2 231 3
252 2 231 3
252 2 231 3
252 2 231 3
252 2 231 3
252 2 231 3
252 2 231 3
252 2 231 3
252 3 252 2
252 3 252 2
252 3 252 2
252 3 252 2
252 3 252 2
252 3 252 2
252 3 231 4
252 3 231 4
252 3 231 4
252 3 231 4
252 3 231 4
252 3 231 4
252 3 231 4
252 3 231 4
252 3 231 4
252 3 231 4
252 3 231 4
252 3 231 4
252 3 231 4
252 3 231 4
252 3 231 4
252 4 252 3
252 4 252 3
252 4 252 3
252 4 252 3
252 4 252 3
252 4 252 3
252 4 231 5
252 4 231 5
252 4 231 5
252 4 231 5
252 4 231 5
252 4 231 5
252 4 231 5
252 4 231 5
252 4 231 5
252 4 231 5
252 4 231 5
252 4 231 5
252 4 231 5
252 4 231 5
252 4 231 5
252 5 252 4
252 5 231 6
252 5 231 6
252 5 231 6
252 5 231 6
252 5 231 6
252 5 231 6
252 5 231 6
252 5 231 6
252 5 231 6
252 5 231 6
252 5 231 6
252 5 231 6
252 5 231 6
252 5 231 6
252 5 231 6
252 5 231 6
252 5 231 6
252 5 231 6
252 5 231 6
252 5 231 6
252 5 231 6
252 5 231 6
252 5 231 6
252 5 231 6
252 5 231 6
252 6 252 5
252 6 252 5
252 6 252 5
252 6 252 5
252 6 252 5
252 6 252 5
252 6 252 5
252 6 252 5
252 6 231 7
252 6 231 7
252 6 231 7
252 6 231 7
252 6 231 7
252 6 231 7
252 6 231 7
252 6 231 7
252 6 231 7
252 6 231 7
252 6 231 7
252 7 252 6
252 7 252 6
252 7 252 6
252 7 252 6
252 7 252 6
252 7 252 6
252 7 252 6
252 7 252 6
252 7 252 6
252 7 252 6
252 7 252 6
252 7 252 6
252 7 252 6
252 7 252 6
252 7 252 6
252 7 231 8
252 7 231 8
252 7 231 8
252 7 231 8
252 7 231 8
252 7 231 8
252 7 231 8
252 8 252 7
252 8 252 7
252 8 252 7
252 8 252 7
252 8 252 7
252 8 252 7
252 8 252 7
252 8 252 7
252 8 252 7
252 8 252 7
252 8 252 7
252 8 252 7
252 8 252 7
252 8 231 9
252 8 231 9
252 8 231 9
252 8 231 9
252 8 231 9
252 8 231 9
252 8 231 9
252 8 231 9
252 8 231 9
252 8 231 9
252 8 231 9
252 8 231 9
252 9 252 8
252 9 252 8
252 9 252 8
252 9 252 8
252 9 252 8
252 9 252 8
252 9 252 8
252 9 252 8
252 9 252 8
252 9 252 8
252 9 231 10
252 9 231 10
252 9 231 10
252 9 231 10
252 9 231 10
252 9 231 10
252 9 231 10
252 9 231 10
252 9 231 10
252 9 231 10
252 9 231 10
252 9 231 10
252 10 252 9
252 10 252 9
252 10 252 9
252 10 252 9
252 10 252 9
252 10 252 9
252 10 252 9
252 10 252 9
252 10 252 9
252 10 252 9
252 10 252 9
252 10 252 9
252 10 252 9
252 10 231 11
252 10 231 11
252 10 231 11
252 10 231 11
252 11 252 10
252 11 252 10
252 11 252 10
252 11 252 10
252 11 252 10
252 11 252 10
252 11 252 10
252 11 252 10
252 11 252 10
252 11 252 10
252 11 252 10
252 11 231 12
252 11 231 12
252 11 231 12
252 11 231 12
252 11 231 12
252 11 231 12
252 11 231 12
252 11 231 12
252 11 231 12
252 11 231 12
252 11 231 12
252 11 231 12
252 11 231 12
252 11 231 12
252 11 231 12
252 11 231 12
252 11 231 12
252 12 252 11
252 12 252 11
252 12 252 11
252 12 252 11
252 12 252 11
252 12 252 11
252 12 252 11
252 12 252 11
252 12 252 11
252 12 252 11
252 12 252 11
252 12 252 11
252 12 252 11
252 12 252 11
252 13 252 12
252 13 252 12
252 13 252 12
252 13 252 12
252 13 252 12
252 13 252 12
252 13 252 12
252 13 252 12
252 13 252 12
252 13 231 14
252 13 231 14
252 13 231 14
252 13 231 14
252 13 231 14
252 13 231 14
252 13 231 14
252 13 231 14
252 13 231 14
252 13 231 14
252 14 252 13
252 14 252 13
252 14 252 13
252 14 252 13
252 14 252 13
252 14 252 13
252 14 252 13
252 14 252 13
252 14 252 13
252 14 252 13
252 14 252 13
252 14 252 13
252 14 252 13
252 14 231 15
252 14 231 15
252 14 231 15
252 14 231 15
252 14 231 15
252 14 231 15
252 14 231 15
252 14 231 15
252 14 231 15
252 14 231 15
252 14 231 15
252 15 252 14
252 15 252 14
252 15 252 14
252 15 252 14
252 15 252 14
252 15 252 14
252 15 252 14
252 15 252 14
252 15 252 14
252 15 252 14
252 15 252 14
252 15 252 14
252 15 252 14
252 15 231 16
252 15 231 16
252 15 231 16
252 15 231 16
252 15 231 16
252 15 231 16
252 15 231 16
252 15 231 16
252 15 231 16
252 16 252 15
252 16 252 15
252 16 252 15
252 16 252 15
252 16 252 15
252 16 252 15
252 16 252 15
252 16 231 17
252 16 231 17
252 16 231 17
252 16 231 17
252 16 231 17
252 16 231 17
252 16 231 17
252 16 231 17
252 16 231 17
252 16 231 17
252 16 231 17
252 16 231 17
252 17 252 16
252 17 252 16
252 17 252 16
252 17 252 16
252 17 252 16
252 17 252 16
252 17 252 16
252 17 252 16
252 17 252 16
252 17 252 16
252 17 252 16
252 17 252 16
252 17 252 16
252 17 252 16
252 17 252 16
252 17 252 16
252 17 252 16
252 17 252 16
252 17 252 16
252 17 252 16
252 17 231 18
252 18 252 17
252 18 252 17
252 18 252 17
252 18 252 17
252 18 252 17
252 18 252 17
252 18 252 17
252 18 252 17
252 18 252 17
252 18 252 17
252 18 252 17
252 18 252 17
252 18 252 17
252 18 252 17
252 18 252 17
252 18 231 19
252 18 231 19
252 18 231 19
252 18 231 19
252 18 231 19
252 19 252 19
252 19 252 19
252 19 252 19
252 19 252 19
252 19 252 19
252 19 252 19
252 19 252 19
252 19 252 19
252 19 252 19
252 19 252 19
252 19 252 19
252 19 252 18
252 19 252 18
252 19 252 18
252 19 252 18
252 19 252 18
252 19 252 18
252 19 252 18
252 19 252 18
252 19 252 18
252 19 252 18
252 19 252 18
252 19 231 20
252 19 231 20
252 19 231 20
252 19 231 20
252 20 252 19
252 20 252 19
252 20 252 19
252 20 252 19
252 20 252 19
252 20 252 19
252 20 252 19
252 20 252 19
252 20 252 19
252 20 252 19
252 20 252 19
252 20 252 19
252 20 252 19
252 21 252 21
252 21 252 21
252 21 252 21
252 21 252 21
252 21 252 20
252 21 252 20
252 21 252 20
252 21 252 20
252 21 252 20
252 21 252 20
252 21 252 20
252 21 252 20
252 21 252 20
252 21 231 22
252 21 231 22
252 21 231 22
252 22 252 21
252 22 252 21
252 22 252 21
252 22 252 21
252 22 252 21
252 22 252 21
252 22 252 21
252 22 252 21
252 22 252 21
252 22 252 21
252 22 252 21
252 22 252 21
252 22 252 21
252 23 252 22
252 23 252 22
252 23 252 22
252 23 252 22
252 23 252 22
252 23 252 22
252 23 252 22
252 23 252 22
252 23 252 22
252 23 252 22
252 23 252 22
252 23 252 22
252 23 252 22
252 23 231 24
252 23 231 24
252 23 231 24
252 23 231 24
252 23 231 24
252 23 231 24
252 23 231 24
252 23 231 24
252 23 231 24
252 23 231 24
252 23 231 24
252 23 231 24
252 23 231 24
252 23 231 24
252 23 231 24
252 23 231 24
252 23 231 24
252 24 252 23
252 24 252 23
252 24 252 23
252 24 252 23
252 24 252 23
252 24 252 23
252 24 252 23
252 24 252 23
252 24 252 23
252 24 252 23
252 24 231 25
252 24 231 25
252 24 231 25
252 24 231 25
252 24 231 25
252 25 252 24
252 25 252 24
252 25 252 24
252 25 252 24
252 25 252 24
252 25 252 24
252 25 252 24
252 25 231 26
252 25 231 26
252 25 231 26
252 25 231 26
252 25 231 26
252 25 231 26
252 25 231 26
252 25 231 26
252 26 252 25
252 26 252 25
252 26 252 25
252 26 252 25
252 26 231 27
252 26 231 27
252 26 231 27
252 26 231 27
252 26 231 27
252 26 231 27
252 26 231 27
252 26 231 27
252 26 231 27
252 26 231 27
252 26 231 27
252 26 231 27
252 26 231 27
252 26 231 27
252 26 231 27
252 26 231 27
252 26 231 27
252 26 231 27
252 26 231 27
252 26 231 27
252 26 231 27
252 27 252 26
252 27 252 26
252 27 252 26
252 27 252 26
252 27 252 26
252 27 252 26
252 27 252 26
252 27 252 26
252 27 252 26
252 27 252 26
252 27 252 26
252 27 252 26
252 27 252 26
252 27 252 26
252 27 252 26
252 27 231 28
252 27 231 28
252 27 231 28
252 27 231 28
252 27 231 28
252 27 231 28
252 27 231 28
252 28 252 27
252 28 252 27
252 28 252 27
252 28 252 27
252 28 252 27
252 28 252 27
252 28 252 27
252 28 252 27
252 28 252 27
252 28 231 29
252 28 231 29
252 28 231 29
252 28 231 29
252 28 231 29
252 28 231 29
252 28 231 29
252 28 231 29
252 28 231 29
252 28 231 29
252 28 231 29
252 29 252 29
252 29 252 29
252 29 252 29
252 29 252 29
252 29 252 29
252 29 252 29
252 29 252 29
252 29 252 28
252 29 252 28
252 29 252 28
252 29 252 28
252 29 252 28
252 29 252 28
252 29 252 28
252 29 252 28
252 29 252 28
252 29 252 28
252 29 252 28
252 29 252 28
252 29 231 30
252 29 231 30
252 29 231 30
252 29 231 30
252 29 231 30
252 29 231 30
252 29 231 30
252 29 231 30
252 29 231 30
252 29 231 30
252 30 252 30
252 30 252 30
252 30 252 30
252 30 252 30
252 30 252 30
252 30 252 29
252 30 252 29
252 30 252 29
252 30 252 29
252 30 252 29
273 0 252 1
273 0 252 1
273 0 252 1
273 0 252 1
273 1 273 0
273 1 273 0
273 1 273 0
273 1 252 2
273 2 252 3
273 2 252 3
273 2 252 3
273 2 252 3
273 2 252 3
273 2 252 3
273 3 273 2
273 3 273 2
273 3 273 2
273 3 252 4
273 3 252 4
273 3 252 4
273 3 252 4
273 3 252 4
273 3 252 4
273 3 252 4
273 4 273 3
273 4 273 3
273 4 273 3
273 4 252 5
273 4 252 5
273 5 273 4
273 5 273 4
273 5 273 4
273 5 273 4
273 5 273 4
273 6 273 6
273 6 273 6
273 6 273 6
273 6 273 6
273 6 273 6
273 6 273 5
273 6 273 5
273 6 252 7
273 6 252 7
273 7 273 6
273 7 273 6
273 8 273 7
273 8 273 7
273 8 273 7
273 8 273 7
273 8 273 7
273 9 273 8
273 9 273 8
273 9 273 8
273 9 252 10
273 9 252 10
273 9 252 10
273 10 273 9
273 10 252 11
273 11 273 10
273 11 273 10
273 11 273 10
273 11 273 10
273 11 273 10
273 11 273 10
273 12 273 11
273 12 273 11
273 12 273 11
273 12 252 13
273 12 252 13
273 13 273 13
273 13 273 13
273 13 273 12
273 13 273 12
273 13 273 12
273 13 273 12
273 13 252 14
273 13 252 14
273 14 273 14
273 14 273 13
273 14 273 13
273 14 273 13
273 14 273 13
273 15 273 15
273 15 273 15
273 15 273 15
273 15 273 15
273 15 273 15
273 16 273 16
273 16 273 16
273 16 273 16
273 16 273 15
273 16 273 15
273 16 273 15
273 16 273 15
273 17 273 16
273 17 273 16
273 17 273 16
273 18 273 18
273 18 273 17
273 18 273 17
273 18 273 17
273 18 273 17
273 18 273 17
273 18 252 19
273 18 252 19
273 19 273 18
273 19 273 18
273 19 273 18
273 20 273 20
273 20 273 19
273 20 273 19
273 20 252 21
273 20 252 21
273 20 252 21
273 21 273 20
273 21 273 20
273 21 273 20
273 21 273 20
273 22 273 21
273 22 273 21
273 22 273 21
273 22 273 21
273 22 252 23
273 23 273 22
273 23 273 22
273 23 252 24
273 23 252 24
273 23 252 24
273 23 252 24
273 23 252 24
273 24 273 23
273 24 273 23
273 24 273 23
273 24 273 23
273 24 273 23
273 24 252 25
273 24 252 25
273 24 252 25
273 24 252 25
273 24 252 25
273 24 252 25
273 25 273 24
273 25 273 24
273 25 273 24
273 25 273 24
273 25 252 26
273 25 252 26
273 25 252 26
273 25 252 26
273 26 252 27
273 26 252 27
273 26 252 27
273 26 252 27
273 27 273 28
273 27 273 28
273 27 273 27
273 27 273 27
273 27 273 26
273 27 273 26
273 27 273 26
273 27 252 28
273 27 252 28
273 28 294 28
273 28 273 28
273 28 273 28
273 29 273 29
273 29 273 29
273 29 273 29
273 29 273 29
273 29 273 29
273 29 273 28
273 30 273 30
273 30 273 29
273 30 273 29
294 1 273 2
294 1 273 2
294 3 273 4
294 4 294 3
294 4 273 5
294 4 273 5
294 6 315 6
294 8 294 9
294 8 294 8
294 8 273 9
294 9 294 9
294 10 294 10
294 11 294 11
294 13 273 14
294 14 294 13
294 18 294 17
294 18 273 19
294 18 273 19
294 18 273 19
294 19 294 18
294 20 273 21
294 21 273 22
294 21 273 22
294 24 273 25
294 24 273 24
294 25 273 26
294 25 273 26
294 26 294 25
294 27 294 28
294 28 294 29
294 29 294 29
294 30 294 29
315 1 315 0
315 4 294 4
315 13 315 14
