10 10 20 20
1
1
1
1
1
1
1
1
1
1
1
1
1
1
1
1
1
1
1
1
1
1
1
1
1
1
1
1
1
1
1
1
1
1
1
1
1
1
1
1
1
1
1
1
1
1
1
1
1
1
1
1
1
1
1
1
1
1
1
1
1
1
1
1
1
1
1
1
0.000000
1
1
1
1
1
1
1
1
1
1
1
1
1
1
1
1
1
1
-0.693147
0.000000
1
-1.098612
0.000000
1
1
1
1
1
1
1
1
1
1
1
1
1
1
0.000000
-1.098612
-1.386294
-2.397895
-2.484907
-2.079442
-1.098612
0.000000
1
1
1
1
1
1
1
1
1
1
1
1
-1.609438
-2.772589
-3.850148
-3.850148
-3.931826
-3.465736
-2.890372
-0.693147
1
1
1
1
1
1
1
1
1
1
1
0.000000
-2.772589
-4.189655
-4.912655
-5.262690
-5.278115
-4.912655
-4.060443
-3.135494
0.000000
-0.693147
1
1
1
1
1
1
1
1
1
-2.302585
-3.583519
-4.905275
-5.765191
-6.082219
-6.196444
-5.683580
-4.828314
-3.663562
-1.945910
-0.693147
1
1
1
1
1
1
1
1
-0.693147
-2.944439
-4.025352
-5.361292
-6.212606
-6.603944
-6.608001
-6.137727
-5.247024
-4.262680
-2.564949
-1.098612
1
1
1
1
1
1
1
1
1
-2.564949
-4.094345
-5.393628
-6.070738
-6.597146
-6.642487
-6.150603
-5.393628
-3.988984
-2.484907
1
1
1
1
1
1
1
1
1
0.000000
-1.609438
-3.784190
-4.753590
-5.762051
-6.104793
-6.137727
-5.799093
-4.948760
-3.610918
0.000000
0.000000
1
1
1
1
1
1
1
1
0.000000
-1.386294
-2.944439
-4.317488
-4.709530
-5.398163
-5.293305
-4.890349
-4.143135
-2.944439
0.000000
1
1
1
1
1
1
1
1
1
1
0.000000
0.000000
-2.995732
-3.496508
-3.988984
-4.025352
-3.465736
-2.639057
-1.609438
1
1
1
1
1
1
1
1
1
1
1
1
-0.693147
-1.098612
-2.397895
-1.791759
-2.302585
-1.945910
-1.609438
-0.693147
1
1
1
1
1
1
1
1
1
1
1
0.000000
1
1
-0.693147
0.000000
0.000000
1
1
1
1
1
1
1
1
1
1
1
1
1
1
1
1
1
1
1
1
1
1
1
1
1
1
1
1
1
1
1
1
1
1
1
1
1
1
1
1
1
1
1
1
1
1
1
1
1
1
1
1
1
1
1
1
1
1
1
1
1
1
1
1
1
1
1
1
1
1
1
1
1
1
1
1
1
1
1
1
1
1
1
1
1
1
1
1
1
