10 10 20 20
-3.663562
-3.610918
-3.871201
-3.713572
-3.332205
-3.610918
-3.091042
-3.367296
-3.583519
-2.944439
-2.944439
-2.708050
-2.833213
-2.708050
-2.890372
-2.639057
-2.708050
-2.564949
-2.397895
-2.302585
-5.365976
-3.583519
-3.465736
-3.761200
-3.465736
-3.044522
-2.890372
-3.135494
-3.091042
-2.833213
-2.708050
-2.995732
-2.197225
-3.178054
-2.079442
-2.397895
-2.772589
-2.890372
-2.197225
-1.945910
-5.220356
-3.828641
-3.465736
-3.496508
-3.135494
-3.433987
-2.995732
-2.995732
-3.135494
-3.332205
-2.995732
-2.833213
-2.397895
-3.178054
-2.639057
-2.302585
-1.609438
-2.397895
-2.484907
-2.197225
-5.153292
-3.688879
-3.663562
-3.367296
-3.135494
-2.944439
-2.944439
-3.044522
-2.890372
-2.833213
-3.044522
-2.484907
-3.258097
-2.708050
-2.484907
-2.079442
-1.791759
-2.639057
-2.302585
-1.945910
-5.141664
-3.433987
-3.218876
-3.433987
-3.218876
-2.772589
-2.708050
-2.995732
-3.332205
-2.484907
-2.564949
-2.639057
-2.944439
-2.302585
-2.564949
-2.890372
-1.791759
-1.609438
-2.484907
-2.397895
-5.030438
-3.465736
-3.295837
-3.135494
-3.401197
-3.218876
-2.833213
-2.833213
-3.091042
-3.044522
-2.564949
-2.944439
-2.302585
-2.079442
-2.708050
-2.708050
-2.833213
-1.791759
-1.791759
-2.397895
-4.948760
-3.367296
-2.890372
-3.218876
-2.772589
-2.397895
-3.091042
-2.708050
-3.367296
-2.708050
-2.397895
-2.197225
-2.079442
-2.397895
-2.564949
-2.397895
-2.079442
-2.197225
-1.791759
-1.609438
-4.976734
-3.295837
-3.135494
-3.526361
-2.944439
-3.044522
-3.178054
-3.295837
-2.833213
-2.302585
-2.944439
-2.890372
-2.564949
-2.772589
-2.079442
-2.302585
-2.197225
-2.302585
-2.079442
-1.791759
-4.897840
-2.944439
-3.496508
-2.833213
-2.890372
-2.890372
-2.708050
-2.302585
-2.833213
-2.833213
-3.091042
-1.945910
-2.564949
-2.397895
-2.302585
-2.079442
-2.079442
-1.945910
-2.079442
-1.386294
-4.897840
-2.995732
-3.091042
-2.564949
-3.135494
-2.833213
-2.564949
-2.639057
-2.397895
-2.564949
-2.397895
-2.302585
-2.772589
-2.302585
-1.386294
-2.484907
-1.386294
-2.079442
-2.197225
-1.609438
-4.844187
-2.833213
-2.890372
-3.258097
-2.890372
-2.197225
-2.484907
-2.197225
-2.397895
-2.397895
-2.197225
-2.639057
-2.397895
-1.609438
-1.791759
-2.197225
-2.197225
-2.708050
-2.079442
-1.386294
-4.605170
-3.178054
-2.944439
-2.890372
-3.135494
-2.890372
-2.197225
-2.639057
-2.639057
-1.945910
-2.397895
-1.945910
-0.693147
-2.484907
-0.693147
-1.791759
-2.397895
-2.197225
-1.791759
-2.079442
-4.553877
-3.178054
-2.772589
-2.708050
-2.397895
-2.197225
-2.639057
-2.484907
-2.484907
-2.197225
-2.197225
-2.833213
-1.791759
-1.098612
-2.079442
-1.945910
-1.609438
-1.791759
-1.945910
0.000000
-4.543295
-2.995732
-2.564949
-2.833213
-2.397895
-2.397895
-2.397895
-2.639057
-2.302585
-1.609438
-2.484907
-1.791759
-1.945910
-2.302585
-2.079442
-2.564949
-1.098612
-2.079442
-1.098612
-1.386294
-4.574711
-2.772589
-2.302585
-2.484907
-2.890372
-2.639057
-2.772589
-1.945910
-2.302585
-2.484907
-1.791759
-1.386294
-1.098612
-2.197225
-2.079442
-1.945910
-2.397895
-2.197225
-1.609438
1
-4.382027
-2.772589
-2.833213
-2.079442
-2.079442
-2.484907
-2.079442
-2.079442
-1.945910
-1.386294
-2.197225
-2.079442
-1.609438
-2.564949
-1.609438
-1.609438
-1.945910
-1.098612
-1.386294
-1.386294
-4.369448
-2.708050
-2.564949
-2.564949
-2.772589
-2.302585
-2.708050
-2.079442
-2.564949
-1.791759
-1.791759
-1.791759
-1.386294
-0.693147
-1.386294
-1.609438
-1.386294
-0.693147
-1.098612
-0.693147
-4.025352
-2.197225
-2.833213
-2.197225
-2.079442
-2.079442
-2.302585
-2.639057
-1.945910
-1.945910
-2.079442
-1.386294
-1.609438
-1.098612
-2.079442
-0.693147
-1.791759
-1.791759
0.000000
0.000000
-4.043051
-2.708050
-2.197225
-2.197225
-2.197225
-2.302585
-1.791759
-2.302585
-2.397895
-1.098612
-1.791759
-1.609438
-1.945910
-2.397895
-1.945910
-1.098612
-1.791759
-1.791759
-1.098612
1
-4.043051
-2.302585
-2.708050
-2.302585
-2.079442
-2.639057
-2.397895
-1.609438
-2.197225
-1.609438
-2.079442
-1.386294
-2.079442
-1.098612
-1.945910
-1.609438
-0.693147
-1.386294
-1.386294
-1.098612
