10 10 20 20
1
1
1
1
1
1
1
1
1
1
1
1
1
1
1
1
1
1
1
1
1
1
1
1
1
1
1
1
1
1
1
1
1
1
1
1
1
1
1
1
1
1
1
1
1
1
1
1
1
1
1
1
1
1
1
1
1
1
1
1
1
1
1
1
1
1
1
1
1
1
1
1
1
1
1
1
1
1
1
1
1
1
1
1
1
1
1
1
0.000000
1
-1.609438
1
1
1
1
1
1
1
1
1
1
1
1
1
1
1
-0.693147
0.000000
-1.791759
-2.639057
-1.609438
-1.609438
-1.386294
0.000000
1
1
1
1
1
1
1
1
1
1
1
1
-1.609438
-2.484907
-3.367296
-3.713572
-3.610918
-3.610918
-2.944439
-0.693147
0.000000
1
1
1
1
1
1
1
1
1
1
0.000000
-2.772589
-3.970292
-4.727388
-5.159055
-5.023881
-4.653960
-3.828641
-2.397895
-1.098612
0.000000
1
1
1
1
1
1
1
1
0.000000
-2.397895
-3.295837
-5.036953
-5.602119
-5.961005
-6.003887
-5.493061
-4.844187
-3.737670
-1.609438
1
1
1
1
1
1
1
1
1
1
-2.302585
-3.806662
-5.129899
-5.955837
-6.396930
-6.373320
-6.023448
-5.062595
-3.761200
-1.945910
1
1
1
1
1
1
1
1
1
-0.693147
-2.302585
-3.871201
-5.068904
-5.958425
-6.411818
-6.431331
-6.061457
-5.141664
-4.007333
-1.945910
1
1
1
1
1
1
1
1
1
1
-1.791759
-3.465736
-4.553877
-5.513429
-6.049733
-6.011267
-5.556828
-4.736198
-3.295837
-0.693147
1
1
1
1
1
1
1
1
1
0.000000
-1.098612
-2.772589
-3.610918
-4.521789
-5.164786
-5.068904
-4.709530
-4.007333
-2.564949
1
1
1
1
1
1
1
1
1
1
1
0.000000
-1.609438
-2.708050
-3.555348
-3.912023
-3.761200
-3.555348
-2.197225
-0.693147
0.000000
1
1
1
1
1
1
1
1
1
1
1
1
0.000000
-2.197225
-2.197225
-1.609438
-1.098612
-0.693147
1
1
1
1
1
1
1
1
1
1
1
1
1
1
0.000000
-1.098612
1
1
-0.693147
0.000000
1
1
1
1
1
1
1
1
1
1
1
1
1
1
1
1
1
1
1
1
1
1
1
1
1
1
1
1
1
1
1
1
1
1
1
1
1
1
1
1
1
1
1
1
1
1
1
1
1
1
1
1
1
1
1
1
1
1
1
1
1
1
1
1
1
1
1
1
1
1
1
1
1
1
1
1
1
1
1
1
1
1
1
1
1
1
1
