10 10 20 20
-4.304065
-4.488636
-4.356709
-4.317488
-4.248495
-4.094345
-4.025352
-3.761200
-3.784190
-3.761200
-3.583519
-3.295837
-3.091042
-3.218876
-3.218876
-2.944439
-2.944439
-2.708050
-3.091042
-2.639057
-5.332719
-4.356709
-4.330733
-4.094345
-4.007333
-3.931826
-3.912023
-3.688879
-3.828641
-3.663562
-3.332205
-3.496508
-3.465736
-3.258097
-3.218876
-2.639057
-2.890372
-2.772589
-2.564949
-1.945910
-5.176150
-4.094345
-3.970292
-3.931826
-3.951244
-3.931826
-3.871201
-3.806662
-3.526361
-3.135494
-3.258097
-3.044522
-2.944439
-2.708050
-2.944439
-2.302585
-2.833213
-2.302585
-2.639057
-2.708050
-5.303305
-4.174387
-3.850148
-4.007333
-3.970292
-3.526361
-3.555348
-3.401197
-3.367296
-3.332205
-2.944439
-3.258097
-2.944439
-2.995732
-2.772589
-2.772589
-2.397895
-2.564949
-2.079442
-2.302585
-5.214936
-4.248495
-3.970292
-3.663562
-3.465736
-3.258097
-3.555348
-3.555348
-2.772589
-2.484907
-3.044522
-3.258097
-3.295837
-2.833213
-2.708050
-2.833213
-2.397895
-2.484907
-2.302585
-1.791759
-4.990433
-3.850148
-3.806662
-3.637586
-3.496508
-3.688879
-3.295837
-3.433987
-2.890372
-3.091042
-3.044522
-2.944439
-2.564949
-2.079442
-2.302585
-2.302585
-2.484907
-1.098612
-2.397895
-2.197225
-4.852030
-3.806662
-3.610918
-3.583519
-3.610918
-3.135494
-3.178054
-3.332205
-2.995732
-2.397895
-2.772589
-2.995732
-2.197225
-2.484907
-2.564949
-2.890372
-2.639057
-2.564949
-2.079442
-1.609438
-4.532599
-3.891820
-3.433987
-3.465736
-3.367296
-3.258097
-3.178054
-3.178054
-2.772589
-3.091042
-2.772589
-3.258097
-2.772589
-2.397895
-1.609438
-2.197225
-2.079442
-2.197225
-1.098612
-2.079442
-4.653960
-3.713572
-3.367296
-3.401197
-2.944439
-3.496508
-2.995732
-2.708050
-2.564949
-2.833213
-2.197225
-2.639057
-2.302585
-2.397895
-2.484907
-1.945910
-2.079442
-2.397895
-1.791759
-1.609438
-4.510860
-3.433987
-3.583519
-3.258097
-3.295837
-3.218876
-3.044522
-2.995732
-2.197225
-2.890372
-2.484907
-2.079442
-2.302585
-2.079442
-1.098612
-2.197225
-2.397895
-2.079442
-1.609438
-1.386294
-4.430817
-3.332205
-3.091042
-3.295837
-2.833213
-3.044522
-2.708050
-2.890372
-3.135494
-2.079442
-2.639057
-2.890372
-2.708050
-1.791759
-2.484907
-1.945910
-1.098612
-1.945910
-2.079442
-1.609438
-4.127134
-3.135494
-3.332205
-3.091042
-2.564949
-2.397895
-2.890372
-2.564949
-2.302585
-2.397895
-2.302585
-2.944439
-2.079442
-1.945910
-1.945910
-2.079442
-1.609438
-1.098612
-1.386294
-1.098612
-4.290459
-3.135494
-2.772589
-2.833213
-2.995732
-2.639057
-3.258097
-2.833213
-2.833213
-2.397895
-2.302585
-1.945910
-1.386294
-1.791759
-2.197225
-1.609438
-1.791759
0.000000
-1.945910
1
-4.077537
-3.044522
-3.178054
-2.833213
-2.772589
-2.772589
-2.564949
-2.639057
-3.091042
-2.397895
-2.397895
-1.791759
-2.397895
-2.197225
-1.386294
-0.693147
-1.945910
-1.791759
-1.386294
-0.693147
-3.988984
-2.708050
-3.135494
-3.044522
-1.945910
-2.890372
-2.564949
-2.564949
-2.397895
-2.484907
-2.302585
-1.386294
-2.302585
-1.386294
-2.197225
-2.079442
-1.609438
-1.098612
-1.098612
-1.098612
-4.077537
-2.708050
-2.944439
-2.708050
-2.397895
-2.708050
-2.079442
-1.386294
-1.609438
-2.302585
-2.564949
-2.079442
-1.386294
-2.397895
-1.386294
-2.197225
-0.693147
-1.609438
0.000000
-0.693147
-3.850148
-2.772589
-2.995732
-2.564949
-1.945910
-2.944439
-2.397895
-2.564949
-1.945910
-1.945910
-1.609438
-2.397895
-1.609438
-2.079442
-1.609438
-0.693147
-1.609438
0.000000
-0.693147
0.000000
-3.806662
-2.708050
-2.708050
-2.397895
-2.772589
-2.564949
-1.791759
-2.079442
-2.197225
-1.098612
-2.079442
-1.386294
-1.386294
-1.098612
-1.609438
-1.386294
-0.693147
-1.945910
-1.386294
-1.098612
-3.555348
-2.397895
-2.397895
-1.386294
-2.639057
-2.197225
-1.386294
-2.639057
-0.693147
-1.791759
-0.693147
-1.386294
-1.098612
-1.098612
-1.945910
-0.693147
-0.693147
-1.386294
-0.693147
-0.693147
-3.806662
-2.833213
-2.564949
-1.945910
-1.098612
-2.484907
-1.791759
-1.791759
-1.945910
-1.945910
-1.386294
-1.386294
-1.098612
-1.386294
-1.791759
-0.693147
-1.098612
-1.386294
-0.693147
1
