10 10 20 20
1
1
1
1
1
1
1
1
1
1
1
1
1
1
1
1
1
1
1
1
1
1
1
1
1
1
1
1
1
1
1
1
1
1
1
1
1
1
1
1
1
1
1
1
1
1
1
1
1
1
1
1
1
1
1
1
1
1
1
1
1
1
1
1
1
1
1
1
1
1
1
1
1
1
1
1
1
1
1
1
1
1
1
1
1
1
1
1
1
1
0.000000
1
1
1
1
1
1
1
1
1
1
1
1
1
1
1
1
-0.693147
-1.609438
-2.484907
-2.397895
-2.197225
0.000000
1
1
1
1
1
1
1
1
1
1
1
1
0.000000
-0.693147
-2.639057
-3.332205
-3.891820
-3.663562
-3.496508
-1.945910
-1.791759
0.000000
1
1
1
1
1
1
1
1
1
1
-0.693147
-2.833213
-4.043051
-4.653960
-5.017280
-5.209486
-4.736198
-3.891820
-2.772589
-1.098612
0.000000
1
1
1
1
1
1
1
1
1
-1.386294
-3.663562
-4.812184
-5.480639
-5.926926
-6.001415
-5.579730
-4.672829
-3.295837
-1.098612
0.000000
1
1
1
1
1
1
1
1
0.000000
-2.302585
-3.871201
-5.111988
-5.976351
-6.453625
-6.393591
-5.996452
-5.147494
-3.850148
-1.609438
0.000000
1
1
1
1
1
1
1
1
1
-1.609438
-3.713572
-5.141664
-6.028279
-6.466145
-6.421622
-6.056784
-5.176150
-3.737670
-1.791759
1
1
1
1
1
1
1
1
1
1
-1.945910
-2.833213
-4.682131
-5.424950
-5.971262
-6.016157
-5.533389
-4.795791
-3.610918
-1.386294
1
1
1
1
1
1
1
1
1
1
-0.693147
-2.079442
-4.007333
-4.736198
-5.036953
-5.075174
-4.744932
-3.828641
-2.564949
0.000000
1
1
1
1
1
1
1
1
1
1
1
-1.609438
-2.564949
-3.091042
-3.713572
-3.951244
-3.637586
-2.079442
-1.098612
1
1
1
1
1
1
1
1
1
1
1
0.000000
0.000000
0.000000
-1.609438
-2.397895
-2.197225
-1.945910
-1.609438
0.000000
1
1
1
1
1
1
1
1
1
1
1
1
1
1
0.000000
1
0.000000
-1.098612
1
1
1
1
1
1
1
1
1
1
1
1
1
1
1
1
1
1
1
1
1
1
1
1
1
1
1
1
1
1
1
1
1
1
1
1
1
1
1
1
1
1
1
1
1
1
1
1
1
1
1
1
1
1
1
1
1
1
1
1
1
1
1
1
1
1
1
1
1
1
1
1
1
1
1
1
1
1
1
1
1
1
1
1
1
1
1
1
