10 10 20 20
1
1
1
1
1
1
1
1
1
1
1
1
1
1
1
1
1
1
1
1
1
1
1
1
1
1
1
1
1
1
1
1
1
1
1
1
1
1
1
1
1
1
1
1
1
1
1
1
1
1
1
1
1
1
1
1
1
1
1
1
1
1
1
1
1
1
1
1
1
1
1
1
1
1
1
1
1
1
1
1
1
1
1
1
1
1
1
1
1
1
1
1
1
1
1
1
1
1
1
1
1
1
1
1
1
1
1
1
1
1
1
1
1
1
1
1
1
1
1
1
1
1
1
1
1
1
1
1
-0.693147
-1.609438
-1.609438
-1.098612
0.000000
1
1
1
1
1
1
1
1
1
1
1
1
1
1
-1.386294
-3.401197
-4.394449
-4.127134
-3.091042
-1.386294
1
1
1
1
1
1
1
1
1
1
1
1
1
-1.098612
-3.401197
-5.323010
-6.124683
-6.177944
-5.049856
-3.496508
0.000000
1
1
1
1
1
1
1
1
1
1
1
1
-2.079442
-4.189655
-6.152733
-7.062192
-7.038784
-6.122493
-4.234107
-1.609438
1
1
1
1
1
1
1
1
1
1
1
1
-1.386294
-4.382027
-6.161207
-7.030857
-7.060476
-6.224558
-4.219508
-1.945910
1
1
1
1
1
1
1
1
1
1
1
1
-0.693147
-3.583519
-5.298317
-6.150603
-6.131226
-5.129899
-3.332205
0.000000
1
1
1
1
1
1
1
1
1
1
1
1
1
-1.386294
-3.332205
-4.430817
-4.219508
-3.526361
-1.791759
1
1
1
1
1
1
1
1
1
1
1
1
1
1
1
0.000000
-1.386294
-0.693147
-0.693147
0.000000
1
1
1
1
1
1
1
1
1
1
1
1
1
1
1
1
1
1
1
1
1
1
1
1
1
1
1
1
1
1
1
1
1
1
1
1
1
1
1
1
1
1
1
1
1
1
1
1
1
1
1
1
1
1
1
1
1
1
1
1
1
1
1
1
1
1
1
1
1
1
1
1
1
1
1
1
1
1
1
1
1
1
1
1
1
1
1
1
1
1
1
1
1
1
1
1
1
1
1
1
1
1
1
1
1
1
1
1
1
1
1
1
1
1
1
1
1
1
1
1
1
1
1
1
1
1
1
