10 10 20 20
1
1
1
1
1
1
1
1
1
1
1
1
1
1
1
1
1
1
1
1
1
1
1
1
1
1
1
1
1
1
1
1
1
1
1
1
1
1
1
1
1
1
1
1
1
1
1
1
1
1
1
1
1
1
1
1
1
1
1
1
1
1
1
1
1
1
1
1
1
0.000000
1
1
1
1
1
1
1
1
1
1
1
1
1
1
1
1
1
1
1
1
-1.098612
0.000000
1
1
1
1
1
1
1
1
1
1
1
1
1
0.000000
-0.693147
-1.098612
-1.386294
-2.484907
-1.945910
-1.791759
-1.098612
0.000000
1
1
1
1
1
1
1
1
1
1
0.000000
1
0.000000
-2.564949
-3.583519
-4.077537
-3.850148
-3.555348
-2.772589
-1.609438
0.000000
1
1
1
1
1
1
1
1
1
1
-1.098612
-2.302585
-3.713572
-4.624973
-5.236442
-5.293305
-4.804021
-3.828641
-2.564949
-1.791759
1
1
1
1
1
1
1
1
1
0.000000
-1.791759
-3.218876
-4.804021
-5.521461
-6.033086
-6.021023
-5.560682
-4.779123
-3.367296
-1.609438
0.000000
1
1
1
1
1
1
1
1
-0.693147
-1.791759
-3.688879
-5.204007
-5.998937
-6.405228
-6.383507
-6.045005
-5.111988
-3.891820
-2.302585
-0.693147
0.000000
1
1
1
1
1
1
1
1
-2.079442
-3.871201
-5.036953
-5.926926
-6.381816
-6.423247
-5.948035
-5.204007
-3.988984
-2.079442
1
1
1
1
1
1
1
1
1
1
-1.791759
-3.433987
-4.709530
-5.497168
-5.986452
-5.966147
-5.655992
-4.553877
-3.465736
-0.693147
1
1
1
1
1
1
1
1
1
0.000000
-1.098612
-2.484907
-3.784190
-4.595120
-5.099866
-5.068904
-4.682131
-3.637586
-2.302585
-1.386294
1
1
1
1
1
1
1
1
1
1
-0.693147
-1.791759
-2.995732
-3.178054
-3.713572
-3.737670
-3.433987
-2.944439
-0.693147
1
1
1
1
1
1
1
1
1
1
1
1
0.000000
-1.098612
-1.609438
-2.639057
-2.197225
-1.386294
1
1
1
1
1
1
1
1
1
1
1
1
1
1
1
0.000000
1
0.000000
0.000000
-1.098612
1
1
1
1
1
1
1
1
1
1
1
1
1
1
1
1
1
1
1
1
1
1
1
1
1
1
1
1
1
1
1
1
1
1
1
1
1
1
1
1
1
1
1
1
1
1
1
1
1
1
1
1
1
1
1
1
1
1
1
1
1
1
1
1
1
1
1
1
1
1
1
1
1
1
1
1
1
1
1
1
1
1
1
1
1
1
1
1
