10 10 20 20
1
1
1
1
1
1
1
1
1
1
1
1
1
1
1
1
1
1
1
1
1
1
1
1
1
1
1
1
1
1
1
1
1
1
1
1
1
1
1
1
1
1
1
1
1
1
1
1
1
1
1
1
1
1
1
1
1
1
1
1
1
1
1
1
1
1
1
1
1
1
1
1
1
1
1
1
1
1
1
1
1
1
1
1
1
1
1
1
0.000000
0.000000
1
1
0.000000
1
1
1
1
1
1
1
1
1
1
1
1
1
1
-1.386294
-2.079442
-2.302585
-2.708050
-2.079442
-1.098612
-0.693147
1
1
1
1
1
1
1
1
1
1
1
-0.693147
-1.609438
-3.091042
-3.713572
-4.219508
-4.394449
-3.713572
-3.135494
-0.693147
0.000000
1
1
1
1
1
1
1
1
1
1
-1.098612
-3.135494
-4.025352
-4.955827
-5.549076
-5.424950
-5.030438
-4.189655
-2.944439
0.000000
1
1
1
1
1
1
1
1
0.000000
0.000000
-2.197225
-3.688879
-5.105945
-5.860786
-6.356108
-6.278521
-5.897154
-4.976734
-3.496508
-2.708050
0.000000
0.000000
1
1
1
1
1
1
1
1
-2.397895
-4.174387
-5.361292
-6.380123
-6.745236
-6.733402
-6.300786
-5.517453
-3.951244
-2.639057
0.000000
1
1
1
1
1
1
1
1
-1.098612
-2.397895
-4.304065
-5.375278
-6.405228
-6.793466
-6.770789
-6.309918
-5.351858
-4.158883
-2.890372
0.000000
1
1
1
1
1
1
1
1
0.000000
-2.639057
-3.761200
-5.023881
-5.918894
-6.261492
-6.393591
-5.877736
-5.111988
-3.850148
-2.302585
-0.693147
1
1
1
1
1
1
1
1
0.000000
-2.079442
-2.484907
-4.158883
-5.170484
-5.433722
-5.313206
-5.099866
-4.077537
-2.995732
-1.386294
1
1
1
1
1
1
1
1
1
1
-1.098612
0.000000
-2.833213
-3.526361
-4.025352
-4.158883
-3.713572
-2.890372
-2.197225
0.000000
0.000000
1
1
1
1
1
1
1
1
1
1
-1.098612
-1.098612
-2.079442
-2.484907
-2.708050
-1.609438
-1.098612
0.000000
0.000000
1
1
1
1
1
1
1
1
1
1
1
0.000000
1
1
-0.693147
0.000000
0.000000
-1.098612
1
1
1
1
1
1
1
1
1
1
1
1
1
1
1
1
0.000000
0.000000
1
1
1
1
1
1
1
1
1
1
1
1
1
1
1
1
1
1
1
1
1
1
1
1
1
1
1
1
1
1
1
1
1
1
1
1
1
1
1
1
1
1
1
1
1
1
1
1
1
1
1
1
1
1
1
1
1
1
1
1
1
1
1
1
1
1
1
1
1
