10 10 20 20
1
1
1
1
1
1
1
0.000000
1
1
1
1
0.000000
0.000000
1
1
1
1
1
1
1
1
1
1
1
1
1
0.000000
0.000000
-0.693147
-0.693147
1
1
1
1
1
1
1
1
1
1
1
1
0.000000
1
0.000000
0.000000
0.000000
-1.386294
-1.098612
-1.609438
0.000000
-0.693147
0.000000
1
0.000000
1
1
1
1
0.000000
1
1
1
1
0.000000
-1.609438
-2.079442
-2.302585
-1.945910
-2.484907
-2.484907
1
-1.609438
0.000000
-0.693147
0.000000
1
1
1
1
1
1
1
1
-1.609438
-1.791759
-2.995732
-2.890372
-3.367296
-2.772589
-2.944439
-2.708050
-2.484907
-1.945910
-1.098612
-0.693147
1
1
1
1
1
1
0.000000
-1.386294
-2.397895
-2.944439
-3.610918
-3.496508
-3.610918
-3.931826
-3.637586
-3.218876
-2.772589
-2.833213
-1.386294
-1.098612
0.000000
1
1
1
0.000000
1
-1.791759
-1.791759
-3.091042
-3.737670
-4.127134
-4.465908
-4.624973
-4.727388
-4.174387
-3.970292
-3.332205
-2.890372
-2.197225
-0.693147
-1.609438
1
1
1
0.000000
0.000000
-1.386294
-2.944439
-3.465736
-3.713572
-4.248495
-4.867534
-5.003946
-4.962845
-4.804021
-4.304065
-4.204693
-3.135494
-2.639057
-2.079442
-1.386294
0.000000
1
0.000000
-0.693147
-1.386294
-2.197225
-2.944439
-4.077537
-4.382027
-4.882802
-5.176150
-5.393628
-5.347108
-5.204007
-4.844187
-4.394449
-3.871201
-3.135494
-1.386294
-1.609438
1
1
1
0.000000
-1.386294
-2.079442
-2.564949
-3.806662
-4.615121
-5.075174
-5.288267
-5.488938
-5.598422
-5.220356
-4.927254
-4.465908
-3.737670
-2.995732
-2.079442
-1.098612
0.000000
1
1
1
-1.791759
-1.609438
-3.135494
-4.025352
-4.521789
-4.919981
-5.318120
-5.438079
-5.529429
-5.476464
-5.036953
-4.644391
-3.713572
-2.995732
-2.079442
-1.386294
1
1
1
1
0.000000
-1.386294
-2.772589
-3.737670
-4.343805
-4.672829
-5.056246
-5.361292
-5.375278
-5.087596
-4.672829
-4.394449
-3.806662
-2.639057
-2.197225
-1.098612
1
1
1
1
1
-1.945910
-1.791759
-3.178054
-4.077537
-4.521789
-4.859812
-4.976734
-5.087596
-4.905275
-4.543295
-4.007333
-3.713572
-3.295837
-1.386294
-1.386294
-1.098612
1
1
1
0.000000
-0.693147
-1.945910
-3.091042
-3.637586
-4.007333
-4.369448
-4.605170
-4.574711
-4.382027
-4.219508
-3.295837
-3.044522
-1.945910
-1.609438
-0.693147
1
1
1
0.000000
-0.693147
0.000000
-1.791759
-2.302585
-3.367296
-3.663562
-3.713572
-4.189655
-4.077537
-3.433987
-3.465736
-3.178054
-2.484907
-1.791759
-0.693147
0.000000
1
1
1
1
0.000000
0.000000
-0.693147
-1.609438
-1.945910
-2.397895
-2.708050
-3.332205
-3.332205
-2.772589
-2.944439
-2.079442
-1.609438
-1.098612
0.000000
0.000000
1
1
1
1
1
1
-0.693147
0.000000
0.000000
-1.386294
-2.890372
-2.079442
-2.197225
-2.079442
-1.791759
-1.098612
-0.693147
1
1
1
1
1
1
1
1
1
0.000000
1
1
-1.098612
-0.693147
1
-1.791759
-0.693147
1
-0.693147
0.000000
1
1
1
1
1
1
1
1
1
1
1
1
0.000000
1
0.000000
1
1
1
1
1
1
1
1
1
1
1
1
1
1
1
1
1
1
1
0.000000
1
1
1
1
1
1
1
1
1
1
