10 10 20 20
-4.584967
-4.204693
-4.276666
-4.290459
-4.110874
-4.110874
-3.663562
-4.025352
-3.526361
-3.610918
-3.332205
-3.555348
-3.367296
-2.995732
-3.091042
-3.091042
-2.944439
-2.944439
-2.890372
-2.197225
-5.332719
-4.234107
-4.174387
-4.382027
-3.806662
-3.737670
-3.784190
-3.828641
-3.737670
-3.401197
-3.433987
-3.367296
-2.890372
-2.944439
-2.944439
-2.708050
-2.772589
-2.772589
-2.197225
-2.564949
-5.402677
-4.330733
-4.127134
-3.931826
-4.158883
-3.526361
-3.951244
-3.367296
-3.713572
-3.295837
-3.332205
-3.091042
-2.890372
-3.258097
-2.995732
-2.484907
-2.833213
-2.639057
-2.484907
-2.564949
-5.159055
-4.219508
-3.761200
-3.367296
-3.526361
-3.367296
-3.555348
-3.401197
-3.332205
-3.135494
-3.332205
-2.890372
-3.295837
-2.890372
-2.772589
-2.772589
-1.945910
-2.302585
-2.197225
-2.397895
-5.017280
-4.158883
-4.094345
-4.094345
-3.850148
-3.663562
-3.465736
-3.637586
-3.091042
-3.178054
-3.295837
-3.135494
-2.890372
-2.833213
-2.708050
-2.890372
-2.079442
-2.639057
-2.484907
-2.079442
-4.941642
-3.951244
-3.970292
-3.637586
-3.091042
-3.218876
-3.784190
-3.465736
-3.258097
-3.091042
-3.044522
-2.639057
-3.044522
-2.397895
-2.564949
-1.945910
-2.564949
-1.945910
-2.397895
-2.397895
-4.727388
-3.891820
-3.871201
-3.218876
-3.367296
-3.433987
-3.135494
-3.178054
-3.178054
-2.484907
-2.995732
-3.044522
-2.772589
-2.302585
-2.708050
-1.945910
-2.302585
-2.197225
-1.609438
-2.302585
-4.709530
-3.465736
-3.663562
-3.555348
-3.610918
-3.433987
-3.178054
-2.890372
-3.295837
-3.135494
-2.564949
-2.564949
-2.772589
-1.609438
-2.564949
-2.708050
-2.708050
-1.945910
-1.945910
-1.945910
-4.718499
-3.637586
-3.526361
-3.218876
-3.465736
-3.044522
-3.258097
-3.091042
-3.091042
-3.044522
-2.639057
-2.833213
-2.197225
-2.197225
-2.197225
-2.484907
-2.302585
-1.791759
-2.302585
-2.079442
-4.499810
-3.637586
-3.091042
-3.178054
-3.135494
-2.484907
-2.890372
-3.178054
-2.397895
-2.708050
-2.944439
-2.484907
-2.397895
-2.708050
-2.079442
-2.397895
-1.386294
-1.791759
-1.609438
-1.609438
-4.499810
-3.091042
-3.713572
-3.135494
-3.218876
-3.044522
-2.944439
-3.135494
-2.484907
-2.397895
-2.302585
-2.397895
-2.079442
-1.609438
-2.564949
-1.791759
-2.397895
-1.609438
-1.791759
-1.945910
-4.304065
-3.526361
-3.091042
-3.218876
-2.397895
-2.639057
-2.772589
-2.639057
-2.484907
-2.484907
-1.791759
-1.609438
-2.079442
-2.639057
-2.079442
-1.791759
-2.079442
-1.098612
-0.693147
-1.098612
-4.343805
-3.367296
-3.135494
-2.890372
-2.564949
-2.833213
-2.639057
-2.484907
-2.564949
-2.197225
-2.302585
-2.079442
-1.791759
-1.609438
-1.791759
-1.386294
0.000000
-1.609438
-1.098612
-1.386294
-4.174387
-2.995732
-2.772589
-2.995732
-2.833213
-2.708050
-2.995732
-2.639057
-1.609438
-2.639057
-1.609438
-2.197225
-0.693147
-1.791759
-1.945910
-0.693147
-1.098612
-1.098612
-1.791759
-0.693147
-4.043051
-2.890372
-3.044522
-2.708050
-2.564949
-2.564949
-2.708050
-1.791759
-2.772589
-2.079442
-0.693147
-2.564949
-2.079442
-1.609438
-0.693147
-1.791759
-1.609438
-1.945910
-1.098612
-1.386294
-3.951244
-2.944439
-3.295837
-2.944439
-2.708050
-2.944439
-2.944439
-2.079442
-2.079442
-2.197225
-1.609438
-1.386294
-1.791759
-2.484907
-1.098612
-0.693147
-0.693147
-1.609438
-1.386294
-1.609438
-3.828641
-3.135494
-2.197225
-3.044522
-2.397895
-1.386294
-2.397895
-1.791759
-2.302585
-1.609438
-2.302585
-2.302585
-2.197225
-1.791759
-1.945910
-0.693147
-0.693147
-1.098612
-1.098612
1
-3.610918
-2.197225
-2.397895
-2.302585
-2.564949
-2.302585
-2.079442
-2.397895
-1.791759
-1.386294
-2.079442
0.000000
-1.098612
-1.791759
-1.098612
-1.098612
-1.386294
-1.098612
-1.098612
0.000000
-3.610918
-2.708050
-2.079442
-2.484907
-1.791759
-2.302585
-1.609438
-1.098612
-1.945910
-1.609438
-1.609438
-1.609438
-1.098612
0.000000
-0.693147
-1.098612
-0.693147
-1.386294
0.000000
-2.197225
-3.713572
-2.833213
-2.079442
-2.708050
-1.945910
-1.609438
-2.302585
-1.386294
-1.791759
-2.397895
-1.386294
-1.791759
-1.791759
-1.098612
-1.386294
-1.609438
-0.693147
-1.098612
-1.386294
-0.693147
