10 10 20 20
-5.176150
-4.744932
-4.653960
-4.727388
-4.605170
-4.317488
-4.430817
-4.276666
-3.713572
-4.043051
-3.806662
-3.555348
-3.637586
-3.465736
-2.944439
-2.944439
-3.044522
-2.397895
-2.708050
-2.639057
-5.480639
-4.770685
-4.615121
-4.499810
-4.343805
-4.110874
-4.094345
-4.094345
-3.828641
-3.526361
-3.526361
-3.295837
-3.091042
-2.772589
-2.772589
-3.091042
-2.944439
-2.772589
-2.484907
-2.484907
-5.303305
-4.691348
-4.406719
-4.304065
-4.343805
-4.143135
-3.806662
-3.871201
-3.663562
-3.496508
-3.663562
-3.401197
-2.995732
-2.708050
-2.890372
-2.833213
-2.564949
-2.890372
-2.564949
-2.397895
-5.170484
-4.418841
-4.262680
-4.077537
-3.931826
-4.077537
-3.637586
-3.737670
-3.465736
-3.496508
-3.295837
-2.833213
-2.708050
-2.833213
-2.639057
-2.772589
-2.397895
-2.197225
-2.564949
-2.302585
-4.983607
-4.382027
-4.219508
-4.094345
-4.094345
-3.850148
-3.526361
-3.496508
-3.465736
-3.178054
-3.332205
-2.944439
-2.833213
-2.944439
-2.833213
-2.484907
-2.772589
-2.708050
-1.386294
-2.302585
-4.812184
-4.304065
-3.988984
-3.931826
-3.713572
-3.761200
-3.737670
-3.295837
-3.526361
-3.295837
-2.890372
-2.708050
-2.833213
-2.639057
-1.791759
-2.397895
-2.564949
-1.386294
-1.945910
-2.197225
-4.653960
-4.204693
-4.204693
-3.891820
-3.737670
-3.912023
-3.218876
-2.890372
-3.091042
-2.484907
-2.708050
-2.397895
-2.833213
-2.484907
-2.484907
-1.791759
-1.945910
-1.386294
-2.484907
-2.302585
-4.691348
-3.970292
-3.891820
-3.663562
-3.496508
-3.526361
-3.465736
-3.091042
-2.995732
-2.833213
-2.944439
-1.791759
-2.564949
-2.079442
-2.302585
-2.197225
-1.609438
-1.791759
-2.197225
-1.098612
-4.394449
-3.713572
-3.828641
-3.496508
-3.555348
-2.944439
-3.332205
-2.944439
-2.772589
-2.639057
-1.945910
-2.197225
-2.484907
-2.564949
-2.302585
-1.386294
-1.791759
-0.693147
-1.791759
-1.386294
-4.499810
-3.828641
-3.526361
-3.637586
-3.496508
-3.135494
-2.708050
-2.708050
-3.044522
-2.772589
-3.091042
-2.564949
-1.791759
-1.609438
-1.609438
-1.098612
-1.098612
-1.609438
-1.386294
-0.693147
-4.094345
-3.526361
-3.713572
-3.218876
-3.526361
-3.218876
-2.833213
-2.890372
-2.995732
-2.995732
-2.639057
-2.564949
-2.484907
-2.708050
-1.945910
-1.791759
-1.791759
-1.609438
-1.791759
-0.693147
-4.189655
-3.332205
-3.258097
-2.772589
-3.258097
-3.135494
-2.708050
-2.833213
-2.944439
-2.484907
-2.564949
-1.945910
-1.945910
-1.945910
-1.386294
-1.609438
-0.693147
-1.609438
1
0.000000
-3.850148
-3.091042
-3.465736
-3.091042
-2.833213
-2.079442
-2.708050
-2.397895
-2.397895
-1.609438
-2.079442
-2.302585
-1.386294
-2.302585
-1.791759
-1.609438
-1.386294
-1.098612
-0.693147
1
-3.784190
-3.044522
-3.044522
-2.564949
-3.135494
-2.772589
-3.091042
-2.639057
-2.302585
-2.079442
-2.079442
-1.791759
-2.302585
-1.945910
-1.945910
-1.609438
-1.386294
1
-0.693147
0.000000
-3.465736
-3.218876
-2.708050
-2.833213
-2.639057
-2.772589
-2.564949
-1.386294
-2.079442
-1.609438
-1.945910
-1.098612
-1.609438
-1.386294
-2.079442
-1.098612
0.000000
-0.693147
-0.693147
-1.098612
-3.610918
-2.772589
-3.091042
-2.944439
-2.484907
-2.397895
-2.484907
-2.484907
-2.564949
-1.609438
-1.945910
-1.098612
-1.386294
-1.098612
1
-1.098612
-0.693147
-1.386294
0.000000
-1.386294
-3.465736
-2.995732
-2.708050
-1.791759
-1.609438
-1.609438
-2.397895
-2.302585
-1.945910
-2.079442
-2.079442
-2.079442
-1.098612
1
-1.098612
-1.098612
-1.098612
-1.098612
-1.098612
0.000000
-3.218876
-2.197225
-2.995732
-2.302585
-2.302585
-1.609438
-2.302585
-2.079442
-2.079442
-1.386294
-1.386294
-1.098612
-1.609438
-1.098612
0.000000
0.000000
-0.693147
0.000000
1
-1.098612
-2.944439
-2.708050
-2.397895
-2.079442
-2.302585
-2.079442
-1.386294
-2.197225
-1.098612
0.000000
-1.791759
-1.791759
1
0.000000
1
1
-1.386294
-0.693147
1
-0.693147
-3.295837
-2.484907
-2.197225
0.000000
-1.791759
-1.791759
-1.386294
-2.302585
-1.791759
-0.693147
-1.098612
0.000000
-1.609438
-1.098612
-0.693147
0.000000
-1.098612
0.000000
-1.098612
0.000000
