10 10 20 20
-4.787492
-4.753590
-4.672829
-4.532599
-4.369448
-4.262680
-4.204693
-4.127134
-3.951244
-4.043051
-3.850148
-3.850148
-3.784190
-3.713572
-3.401197
-3.178054
-3.135494
-3.091042
-3.433987
-3.044522
-5.720312
-4.574711
-4.605170
-4.553877
-4.394449
-4.094345
-4.219508
-3.970292
-4.060443
-3.912023
-3.891820
-3.555348
-3.465736
-3.433987
-3.555348
-3.091042
-3.178054
-2.833213
-2.944439
-2.708050
-5.521461
-4.369448
-4.584967
-4.442651
-4.276666
-4.174387
-3.688879
-4.043051
-3.970292
-3.401197
-3.555348
-3.713572
-3.367296
-3.218876
-3.367296
-2.995732
-3.218876
-2.995732
-2.833213
-2.564949
-5.451038
-4.465908
-4.262680
-4.248495
-4.189655
-4.043051
-4.189655
-3.465736
-3.737670
-3.610918
-3.526361
-3.433987
-3.401197
-3.044522
-2.944439
-2.833213
-2.833213
-3.178054
-2.772589
-2.484907
-5.327876
-4.262680
-4.290459
-4.143135
-4.143135
-4.060443
-3.737670
-3.850148
-3.496508
-3.401197
-3.178054
-3.401197
-3.401197
-2.995732
-3.044522
-3.178054
-2.302585
-2.772589
-2.079442
-2.484907
-5.313206
-4.343805
-4.304065
-4.219508
-3.988984
-3.951244
-3.610918
-3.496508
-3.761200
-3.332205
-3.218876
-3.044522
-2.708050
-2.302585
-2.995732
-2.833213
-2.708050
-1.945910
-2.639057
-2.197225
-5.176150
-4.025352
-3.988984
-3.912023
-3.891820
-3.951244
-3.637586
-3.555348
-3.555348
-3.367296
-3.465736
-2.639057
-3.135494
-2.995732
-2.890372
-2.890372
-2.302585
-2.302585
-2.944439
-2.564949
-5.049856
-4.094345
-4.077537
-3.970292
-3.637586
-3.806662
-3.526361
-3.367296
-3.091042
-3.258097
-3.044522
-2.833213
-2.639057
-2.397895
-2.890372
-1.945910
-2.564949
-2.564949
-2.639057
-2.484907
-4.820282
-3.988984
-3.663562
-3.761200
-3.806662
-3.401197
-3.433987
-3.784190
-3.433987
-3.135494
-3.295837
-2.890372
-2.708050
-2.079442
-2.397895
-2.708050
-2.833213
-2.197225
-1.609438
-2.484907
-5.010635
-3.555348
-3.610918
-3.433987
-3.496508
-3.663562
-3.367296
-3.218876
-3.135494
-3.367296
-2.944439
-2.944439
-2.708050
-2.833213
-2.708050
-2.397895
-2.079442
-1.098612
-1.945910
-2.079442
-4.795791
-3.713572
-3.663562
-3.433987
-3.737670
-3.555348
-3.332205
-3.218876
-2.772589
-3.091042
-2.772589
-2.944439
-2.564949
-2.639057
-2.197225
-2.197225
-1.791759
-2.197225
-1.386294
-1.386294
-4.736198
-3.583519
-3.688879
-3.433987
-2.944439
-3.218876
-3.178054
-3.044522
-3.044522
-2.772589
-2.890372
-2.197225
-2.302585
-2.708050
-2.564949
-2.197225
-2.197225
-1.945910
-1.098612
-1.386294
-4.682131
-3.737670
-3.465736
-3.496508
-3.258097
-3.135494
-2.890372
-2.772589
-2.484907
-3.091042
-2.397895
-2.708050
-2.302585
-2.708050
-2.484907
-2.302585
-2.079442
-1.098612
-0.693147
-1.609438
-4.510860
-3.258097
-3.401197
-2.944439
-3.526361
-2.890372
-2.944439
-2.639057
-3.044522
-2.995732
-2.302585
-2.708050
-2.397895
-2.079442
-1.791759
-1.386294
-1.945910
-1.386294
-1.791759
-1.609438
-4.510860
-3.367296
-3.218876
-2.639057
-3.135494
-2.484907
-2.944439
-2.833213
-2.708050
-2.639057
-2.197225
-1.609438
-2.197225
-2.302585
-2.302585
-1.609438
-2.484907
-2.079442
-1.386294
-1.098612
-4.262680
-2.944439
-3.091042
-3.091042
-2.484907
-2.833213
-2.890372
-2.397895
-2.708050
-2.302585
-2.484907
-2.772589
-2.079442
-2.079442
-1.609438
-1.098612
-1.386294
-1.609438
-1.609438
-1.945910
-4.262680
-3.332205
-2.197225
-2.708050
-3.367296
-2.639057
-2.890372
-2.302585
-2.079442
-2.397895
-1.609438
-2.079442
-2.302585
-2.397895
-1.098612
-1.609438
-1.386294
-0.693147
-1.791759
-1.609438
-3.891820
-3.332205
-2.995732
-2.890372
-2.833213
-2.302585
-1.791759
-2.302585
-2.484907
-2.484907
-1.791759
-2.197225
-2.079442
-1.791759
-1.386294
-1.386294
-1.386294
-1.386294
-1.609438
-0.693147
-4.127134
-2.995732
-2.944439
-2.708050
-2.639057
-2.639057
-2.079442
-1.386294
-1.791759
-2.079442
-1.386294
-1.386294
-1.791759
-1.609438
-1.945910
0.000000
-1.386294
-1.609438
-0.693147
-1.386294
-3.663562
-2.944439
-2.708050
-3.178054
-2.708050
-2.639057
-1.609438
-1.945910
-1.945910
-1.945910
-1.609438
-2.197225
-0.693147
-1.098612
-1.791759
-1.791759
-1.098612
-0.693147
-1.386294
-1.386294
