10 10 20 20
1
1
1
1
1
1
1
1
1
1
1
1
1
1
1
1
1
1
1
1
1
1
1
1
1
1
1
1
1
1
1
1
1
1
1
1
1
1
1
1
1
1
1
1
1
1
1
1
1
1
1
1
1
1
1
1
1
1
1
1
1
1
1
1
1
1
1
1
1
1
1
1
1
1
1
1
1
1
1
1
1
1
1
1
1
1
1
1
1
0.000000
0.000000
1
1
1
1
1
1
1
1
1
1
1
1
1
1
1
0.000000
-1.098612
-1.791759
-1.098612
-1.386294
-2.397895
0.000000
1
1
1
1
1
1
1
1
1
1
1
1
0.000000
-1.098612
-1.386294
-3.332205
-3.663562
-3.891820
-3.135494
-2.772589
-0.693147
1
1
1
1
1
1
1
1
1
1
0.000000
-1.386294
-2.397895
-3.663562
-4.488636
-4.905275
-4.897840
-4.330733
-3.850148
-2.197225
0.000000
1
1
1
1
1
1
1
1
1
0.000000
-1.609438
-2.944439
-4.330733
-5.351858
-5.849325
-5.726848
-5.442418
-4.204693
-2.833213
-1.945910
0.000000
1
1
1
1
1
1
1
1
1
-1.945910
-3.688879
-4.736198
-5.749393
-6.242223
-6.228511
-5.743003
-4.812184
-3.555348
-1.945910
-0.693147
1
1
1
1
1
1
1
1
1
-1.386294
-3.526361
-4.812184
-5.828946
-6.196444
-6.200509
-5.680173
-4.875197
-3.433987
-1.791759
0.000000
1
1
1
1
1
1
1
1
1
-1.098612
-3.367296
-4.488636
-5.204007
-5.877736
-5.793014
-5.370638
-4.418841
-3.401197
-0.693147
1
1
1
1
1
1
1
1
1
1
0.000000
-2.079442
-3.610918
-4.499810
-4.890349
-4.912655
-4.454347
-3.737670
-2.079442
-0.693147
1
1
1
1
1
1
1
1
1
1
1
-1.791759
-2.564949
-3.367296
-3.465736
-3.761200
-3.091042
-2.079442
-1.098612
-0.693147
1
1
1
1
1
1
1
1
1
1
1
-0.693147
1
-1.098612
-1.945910
-1.609438
-1.945910
-1.098612
1
1
1
1
1
1
1
1
1
1
1
1
1
1
1
0.000000
1
1
1
1
1
1
1
1
1
1
1
1
1
1
1
1
1
1
1
1
1
1
1
1
1
1
1
1
1
1
1
1
1
1
1
1
1
1
1
1
1
1
1
1
1
1
1
1
1
1
1
1
1
1
1
1
1
1
1
1
1
1
1
1
1
1
1
1
1
1
1
1
1
1
1
1
1
1
1
1
1
1
1
1
1
1
1
1
1
1
1
