10 10 20 20
-4.276666
-4.394449
-4.158883
-4.304065
-4.143135
-3.850148
-3.761200
-3.784190
-3.871201
-3.713572
-3.332205
-3.332205
-3.496508
-3.178054
-2.890372
-3.135494
-2.890372
-2.772589
-2.995732
-2.484907
-5.236442
-4.219508
-4.304065
-4.204693
-3.784190
-3.951244
-3.713572
-4.060443
-3.555348
-3.367296
-3.401197
-3.367296
-2.772589
-2.302585
-2.772589
-3.044522
-2.484907
-3.044522
-2.397895
-2.564949
-5.375278
-4.077537
-3.951244
-3.970292
-3.988984
-3.871201
-3.761200
-3.637586
-3.496508
-3.433987
-3.091042
-3.367296
-2.944439
-2.708050
-2.995732
-2.890372
-2.484907
-2.890372
-2.772589
-1.945910
-5.081404
-4.127134
-3.871201
-4.043051
-3.828641
-3.401197
-3.526361
-3.713572
-3.258097
-3.401197
-2.890372
-2.484907
-2.944439
-3.135494
-2.772589
-2.995732
-2.564949
-3.295837
-2.564949
-1.609438
-5.081404
-4.025352
-3.931826
-3.784190
-3.871201
-3.610918
-3.828641
-3.401197
-2.995732
-2.995732
-3.091042
-2.772589
-2.995732
-2.833213
-2.995732
-2.564949
-2.197225
-2.708050
-2.197225
-2.302585
-4.934474
-3.713572
-3.951244
-3.784190
-3.610918
-3.367296
-3.401197
-3.295837
-3.178054
-3.091042
-2.995732
-2.564949
-3.135494
-2.995732
-2.708050
-2.484907
-2.772589
-1.945910
-2.197225
-2.079442
-4.927254
-3.688879
-3.784190
-3.367296
-3.688879
-3.555348
-3.135494
-3.295837
-3.178054
-3.178054
-3.178054
-2.944439
-2.564949
-2.772589
-2.639057
-2.397895
-2.079442
-2.197225
-2.397895
-1.945910
-4.927254
-3.583519
-3.737670
-3.610918
-3.401197
-2.890372
-3.401197
-2.708050
-3.218876
-2.833213
-3.044522
-2.833213
-2.772589
-2.397895
-1.791759
-2.397895
-2.197225
-2.079442
-2.079442
-1.386294
-4.615121
-3.433987
-3.784190
-2.995732
-3.044522
-3.367296
-3.178054
-3.258097
-3.178054
-3.178054
-2.484907
-2.079442
-2.639057
-2.079442
-2.397895
-1.945910
-1.609438
-1.945910
-1.791759
-1.945910
-4.828314
-3.761200
-3.526361
-3.367296
-2.995732
-3.218876
-3.135494
-2.639057
-2.397895
-2.639057
-2.197225
-2.708050
-2.397895
-2.302585
-2.302585
-2.564949
-1.386294
-2.397895
-1.609438
-1.386294
-4.356709
-2.995732
-2.995732
-3.218876
-3.332205
-2.564949
-3.091042
-2.772589
-2.197225
-2.564949
-2.397895
-2.302585
-2.397895
-1.791759
-2.564949
-1.098612
-1.791759
-0.693147
-2.079442
-1.609438
-4.564348
-3.135494
-3.295837
-3.091042
-2.995732
-2.397895
-2.708050
-2.772589
-2.397895
-2.833213
-2.302585
-2.079442
-2.397895
-2.079442
-1.386294
-2.079442
-1.386294
-0.693147
-1.386294
-1.098612
-4.094345
-3.295837
-2.890372
-3.091042
-2.708050
-2.302585
-2.397895
-2.197225
-2.197225
-1.791759
-2.197225
-1.791759
-2.639057
-2.197225
-1.386294
-1.609438
-0.693147
-1.609438
-1.386294
-1.791759
-4.110874
-3.218876
-3.091042
-3.044522
-2.639057
-2.564949
-2.484907
-2.484907
-2.639057
-2.564949
-2.484907
-1.791759
-1.945910
-1.791759
-1.609438
-2.079442
-1.791759
-1.098612
-0.693147
-1.098612
-3.891820
-2.833213
-2.833213
-2.833213
-2.833213
-1.945910
-2.302585
-1.386294
-2.079442
-2.564949
-2.397895
-1.945910
-1.945910
-1.791759
-1.386294
-1.386294
-1.609438
-1.609438
-1.791759
-1.945910
-4.234107
-2.890372
-2.639057
-2.564949
-2.708050
-1.945910
-2.995732
-2.302585
-2.397895
-2.302585
-2.397895
-1.386294
-1.791759
-1.098612
-1.609438
-1.609438
-1.098612
-1.098612
-1.386294
-1.386294
-3.761200
-2.564949
-2.564949
-2.397895
-2.302585
-2.302585
-1.945910
-2.397895
-2.484907
-2.302585
-1.791759
-2.079442
-1.791759
-1.609438
1
-1.098612
-1.609438
0.000000
-0.693147
-1.386294
-3.761200
-2.772589
-3.218876
-3.091042
-2.079442
-2.484907
-2.197225
-0.693147
-1.386294
-1.609438
-2.302585
0.000000
-1.945910
-1.386294
-1.098612
-1.098612
0.000000
-0.693147
-1.386294
-0.693147
-3.871201
-2.708050
-2.484907
-2.397895
-1.791759
-2.397895
-2.484907
-1.386294
-1.386294
-1.609438
-1.791759
-2.079442
-1.386294
-0.693147
-0.693147
-0.693147
1
-1.386294
-0.693147
1
-3.784190
-2.197225
-2.564949
-2.397895
-2.302585
-1.386294
-2.302585
-2.197225
-2.079442
-1.609438
-1.791759
-0.693147
-1.386294
-1.791759
-1.945910
-1.098612
-1.386294
-1.791759
-0.693147
0.000000
