10 10 20 20
1
1
1
1
1
1
1
1
1
1
1
1
1
1
1
1
1
1
1
1
1
1
1
1
1
1
1
1
1
1
1
1
1
1
1
1
1
1
1
1
1
1
1
1
1
1
1
1
1
1
1
1
1
1
1
1
1
1
1
1
1
1
1
1
1
1
1
1
1
1
1
1
1
1
1
1
1
1
1
1
1
1
1
1
1
1
1
1
0.000000
1
0.000000
0.000000
0.000000
1
1
1
1
1
1
1
1
1
1
1
1
1
-0.693147
0.000000
-1.386294
-2.397895
-2.197225
-1.386294
0.000000
0.000000
1
1
1
1
1
1
1
1
1
1
1
0.000000
-0.693147
-2.564949
-3.367296
-4.007333
-3.784190
-3.367296
-2.772589
-1.386294
0.000000
1
1
1
1
1
1
1
1
1
1
-1.386294
-2.302585
-4.025352
-4.709530
-5.135798
-5.187386
-4.736198
-3.688879
-2.484907
-1.098612
1
1
1
1
1
1
1
1
1
1
-2.079442
-3.526361
-4.753590
-5.505332
-6.047372
-5.948035
-5.560682
-4.727388
-3.526361
-1.945910
0.000000
1
1
1
1
1
1
1
-0.693147
1
-1.386294
-4.025352
-5.204007
-6.018593
-6.455199
-6.442540
-6.035481
-5.147494
-3.737670
-2.484907
1
1
1
1
1
1
1
1
1
0.000000
-2.197225
-3.688879
-5.192957
-5.953243
-6.388561
-6.354370
-5.971262
-5.123964
-4.077537
-2.944439
-1.386294
1
1
1
1
1
1
1
0.000000
1
-1.098612
-3.295837
-4.727388
-5.609472
-5.924256
-5.886104
-5.472271
-4.595120
-3.637586
-1.791759
0.000000
1
1
1
1
1
1
1
0.000000
1
0.000000
-2.564949
-3.713572
-4.615121
-5.159055
-5.123964
-4.744932
-3.713572
-2.833213
1
0.000000
1
1
1
1
1
1
1
1
0.000000
1
-1.098612
-2.944439
-3.295837
-3.784190
-4.143135
-3.583519
-2.484907
-1.609438
1
1
1
1
1
1
1
1
1
1
1
1
0.000000
-1.098612
-1.386294
-2.397895
-2.079442
-1.945910
-1.386294
1
1
1
1
1
1
1
1
1
1
1
1
1
1
1
1
0.000000
1
1
1
1
1
1
1
1
1
1
1
1
1
1
1
1
1
1
1
1
1
1
1
1
1
1
1
1
1
1
1
1
1
1
1
1
1
1
1
1
1
1
1
1
1
1
1
1
1
1
1
1
1
1
1
1
1
1
1
1
1
1
1
1
1
1
1
1
1
1
1
1
1
1
1
1
1
1
1
1
1
1
1
1
1
1
1
1
1
1
