10 10 20 20
1
1
1
1
1
1
1
1
1
1
1
1
1
1
1
1
1
1
1
1
1
1
1
1
1
1
1
1
1
1
1
1
1
1
1
1
1
1
1
1
1
1
1
1
1
1
1
1
1
1
1
1
1
1
1
1
1
1
1
1
1
1
1
1
1
1
1
1
1
1
1
1
1
1
1
1
1
1
1
1
1
1
1
1
1
1
0.000000
0.000000
1
1
1
1
1
1
1
1
1
1
1
1
1
1
1
1
1
1
-0.693147
-1.386294
-1.386294
-2.397895
-2.197225
-2.197225
-1.098612
1
1
1
1
1
1
1
1
1
1
1
1
1
-1.945910
-2.302585
-3.218876
-3.761200
-3.828641
-3.526361
-2.302585
-1.098612
0.000000
1
1
1
1
1
1
1
1
1
1
0.000000
-2.772589
-3.688879
-4.709530
-5.159055
-5.129899
-4.736198
-3.806662
-2.639057
-1.098612
1
1
1
1
1
1
1
1
1
1
-0.693147
-3.637586
-4.615121
-5.605802
-6.028279
-6.056784
-5.509388
-4.897840
-3.637586
-1.609438
0.000000
1
1
1
1
1
1
1
1
-0.693147
-1.791759
-3.871201
-5.198497
-5.937536
-6.413459
-6.448889
-5.996452
-5.081404
-3.806662
-2.079442
1
1
1
1
1
1
1
1
1
1
-1.609438
-3.663562
-5.141664
-5.993961
-6.445720
-6.343880
-5.983936
-5.147494
-3.912023
-1.945910
1
1
1
1
1
1
1
1
1
1
-0.693147
-3.496508
-4.753590
-5.488938
-5.971262
-6.025866
-5.501258
-4.406719
-3.610918
-1.945910
0.000000
1
1
1
1
1
1
1
1
1
-1.098612
-2.397895
-3.806662
-4.820282
-5.135798
-5.093750
-4.672829
-3.871201
-2.484907
-0.693147
1
1
1
1
1
1
1
1
1
1
1
-1.609438
-2.302585
-3.401197
-3.828641
-3.891820
-3.258097
-2.708050
-1.609438
1
1
1
1
1
1
1
1
1
1
1
1
1
-1.609438
-1.791759
-2.564949
-2.484907
-1.945910
-0.693147
1
1
1
1
1
1
1
1
1
1
1
1
1
1
1
1
0.000000
0.000000
-0.693147
1
0.000000
-0.693147
1
1
1
1
1
1
1
1
1
1
1
1
1
1
1
0.000000
1
1
1
1
1
1
1
1
1
1
1
1
1
1
1
1
1
1
1
1
1
1
1
1
1
1
1
1
1
1
1
1
1
1
1
1
1
1
1
1
1
1
1
1
1
1
1
1
1
1
1
1
1
1
1
1
1
1
1
1
1
1
1
1
1
1
1
1
1
