10 10 20 20
1
1
1
1
1
1
1
1
1
1
1
1
1
1
1
1
1
1
1
1
1
1
1
1
1
1
1
1
1
1
1
1
1
1
1
1
1
1
1
1
1
1
1
1
1
1
1
1
1
1
1
1
1
1
1
1
1
1
1
1
1
1
1
1
1
1
1
1
1
0.000000
1
1
1
1
1
1
1
1
1
1
1
1
1
1
1
1
1
1
1
0.000000
0.000000
0.000000
0.000000
1
1
1
1
1
1
1
1
1
1
1
1
1
1
0.000000
1
-1.791759
-1.945910
-1.386294
0.000000
1
1
1
1
1
1
1
1
1
1
1
1
1
0.000000
-2.079442
-3.091042
-3.433987
-3.258097
-2.772589
-1.945910
0.000000
1
1
1
1
1
1
1
1
1
1
1
-0.693147
-2.197225
-3.465736
-4.248495
-4.624973
-4.564348
-4.094345
-3.044522
-2.197225
0.000000
1
1
1
1
1
1
1
1
1
-0.693147
-1.386294
-2.772589
-4.290459
-5.081404
-5.497168
-5.476464
-5.123964
-4.060443
-2.995732
0.000000
1
1
1
1
1
1
1
1
1
0.000000
-1.386294
-3.465736
-4.553877
-5.552960
-5.849325
-5.886104
-5.402677
-4.595120
-3.465736
-2.197225
0.000000
1
1
1
1
1
1
1
1
1
-0.693147
-3.178054
-4.477337
-5.451038
-5.905362
-5.921578
-5.501258
-4.787492
-3.218876
-0.693147
1
1
1
1
1
1
1
1
1
0.000000
-0.693147
-2.995732
-4.189655
-4.962845
-5.459586
-5.497168
-5.062595
-4.189655
-3.091042
-1.609438
1
1
1
1
1
1
1
1
1
1
0.000000
-1.386294
-3.526361
-4.094345
-4.718499
-4.682131
-4.234107
-3.555348
-2.079442
-0.693147
1
1
1
1
1
1
1
1
1
1
0.000000
-1.386294
-1.945910
-3.135494
-3.091042
-3.367296
-2.639057
-2.397895
-1.609438
1
1
1
1
1
1
1
1
1
1
1
1
1
-0.693147
-1.098612
-1.945910
-1.386294
-1.098612
-0.693147
0.000000
1
1
1
1
1
1
1
1
1
1
1
1
1
1
0.000000
0.000000
0.000000
1
0.000000
1
1
1
1
1
1
1
1
1
1
1
1
1
1
1
1
1
1
1
1
1
1
1
1
1
1
1
1
1
1
1
1
1
1
1
1
1
1
1
1
1
1
1
1
1
1
1
1
1
1
1
1
1
1
1
1
1
1
1
1
1
1
1
1
1
1
1
1
1
1
1
1
1
1
1
1
1
1
1
1
1
1
1
1
1
1
1
