10 10 20 20
-4.564348
-4.262680
-4.234107
-4.174387
-4.219508
-3.891820
-3.951244
-3.931826
-3.688879
-3.496508
-3.258097
-3.178054
-3.044522
-3.258097
-2.944439
-2.944439
-2.772589
-3.135494
-3.044522
-2.302585
-5.257495
-4.219508
-4.189655
-4.158883
-3.828641
-4.025352
-3.737670
-3.931826
-3.367296
-3.663562
-3.367296
-3.332205
-3.258097
-3.091042
-3.091042
-2.944439
-2.833213
-2.708050
-2.639057
-2.302585
-5.214936
-4.248495
-4.158883
-4.007333
-3.663562
-3.761200
-3.828641
-3.610918
-3.433987
-3.465736
-3.218876
-3.218876
-3.258097
-2.484907
-2.944439
-2.197225
-2.944439
-2.772589
-2.484907
-2.484907
-5.081404
-4.356709
-4.219508
-3.761200
-3.784190
-3.784190
-3.688879
-3.258097
-3.401197
-3.295837
-2.833213
-3.258097
-3.044522
-2.944439
-3.178054
-2.995732
-2.639057
-2.708050
-2.564949
-1.791759
-5.003946
-4.094345
-3.828641
-4.007333
-3.713572
-3.891820
-3.713572
-3.295837
-2.833213
-3.258097
-3.178054
-2.708050
-2.564949
-2.772589
-2.995732
-2.708050
-2.197225
-2.397895
-2.079442
-2.197225
-4.897840
-3.850148
-4.007333
-3.526361
-3.526361
-3.496508
-3.784190
-3.496508
-3.178054
-3.295837
-3.178054
-3.044522
-2.944439
-3.091042
-2.639057
-2.397895
-2.833213
-2.197225
-2.197225
-1.791759
-4.779123
-4.158883
-3.850148
-3.555348
-3.496508
-3.367296
-3.433987
-3.332205
-3.044522
-3.258097
-2.708050
-3.044522
-3.332205
-2.639057
-1.609438
-2.397895
-2.639057
-1.945910
-1.609438
-2.302585
-4.753590
-3.555348
-3.555348
-3.465736
-3.332205
-3.465736
-3.091042
-3.332205
-2.772589
-2.772589
-2.197225
-2.833213
-2.302585
-2.484907
-2.708050
-2.197225
-2.564949
-1.945910
-2.484907
-1.791759
-4.584967
-3.367296
-3.367296
-3.496508
-3.610918
-2.890372
-2.995732
-3.178054
-2.708050
-2.302585
-2.708050
-2.302585
-2.564949
-2.708050
-2.197225
-2.564949
-1.945910
-2.397895
-2.079442
-1.791759
-4.682131
-3.555348
-3.496508
-3.218876
-2.995732
-3.295837
-2.890372
-3.496508
-2.708050
-2.944439
-2.708050
-2.833213
-2.564949
-1.098612
-1.609438
-1.945910
-1.386294
-2.639057
-2.079442
-1.609438
-4.477337
-3.465736
-3.218876
-3.218876
-3.433987
-3.044522
-2.995732
-3.135494
-2.995732
-2.890372
-2.639057
-2.484907
-2.397895
-2.302585
-2.197225
-1.386294
-2.302585
-2.079442
-1.098612
-1.098612
-4.248495
-3.178054
-3.135494
-3.135494
-2.890372
-2.944439
-2.639057
-2.197225
-2.772589
-2.890372
-2.484907
-1.791759
-2.397895
-1.609438
-1.945910
-2.197225
-2.397895
-1.098612
-1.609438
-2.079442
-4.204693
-2.944439
-3.496508
-3.135494
-2.708050
-2.639057
-2.833213
-2.639057
-3.135494
-2.079442
-2.397895
-2.197225
-2.564949
-1.609438
-1.791759
-1.945910
-1.386294
-1.609438
-0.693147
-1.945910
-4.290459
-2.995732
-2.772589
-2.944439
-2.639057
-2.302585
-2.397895
-1.945910
-1.945910
-2.302585
-2.639057
-1.609438
-1.098612
-2.197225
-1.945910
-2.197225
-1.098612
-1.386294
-1.609438
-0.693147
-3.951244
-2.708050
-2.944439
-2.995732
-2.708050
-2.639057
-2.708050
-2.197225
-2.397895
-2.302585
-1.609438
-1.609438
-1.609438
-1.945910
-2.397895
-1.098612
-1.386294
-1.609438
-1.386294
-0.693147
-4.143135
-2.772589
-2.708050
-2.302585
-2.639057
-2.397895
-2.708050
-1.945910
-2.079442
-2.302585
-1.945910
-2.397895
-1.609438
-1.945910
-0.693147
-1.609438
-1.945910
0.000000
-1.098612
-1.098612
-3.912023
-3.044522
-2.397895
-2.639057
-2.302585
-2.564949
-2.708050
-2.197225
-2.564949
-2.302585
-1.386294
-2.197225
-1.791759
-1.945910
-0.693147
0.000000
-0.693147
-0.693147
1
-0.693147
-3.784190
-2.890372
-2.397895
-2.197225
-2.639057
-2.772589
-2.397895
-1.609438
-1.791759
-2.484907
-0.693147
-1.791759
-1.945910
-1.609438
-1.609438
-0.693147
-1.098612
1
-0.693147
-0.693147
-3.737670
-2.302585
-2.772589
-2.564949
-1.609438
-2.639057
-2.564949
-1.386294
-2.079442
-2.197225
0.000000
-1.386294
-2.079442
-1.791759
-0.693147
-0.693147
-1.609438
0.000000
-1.791759
-1.386294
-3.496508
-2.397895
-2.197225
-2.639057
-1.945910
-2.197225
-1.945910
-1.945910
-2.079442
-1.609438
-1.386294
-0.693147
-0.693147
-1.945910
-1.945910
-1.386294
-1.098612
-1.609438
1
0.000000
