10 10 20 20
1
1
1
1
1
1
1
1
1
1
1
1
1
1
1
1
1
1
1
1
1
1
1
1
1
1
1
1
1
1
1
1
1
1
1
1
1
1
1
1
1
1
1
1
1
1
1
1
1
1
1
1
1
1
1
1
1
1
1
1
1
1
1
1
1
1
1
1
1
1
1
1
1
1
1
1
1
1
1
1
1
1
1
1
1
1
1
1
1
1
-1.098612
1
1
1
1
1
1
1
1
1
1
1
1
1
1
0.000000
-0.693147
-1.098612
-0.693147
-2.484907
-1.945910
-1.098612
0.000000
-0.693147
0.000000
1
1
1
1
1
1
1
1
1
1
1
-0.693147
-2.397895
-3.465736
-3.871201
-3.871201
-3.433987
-2.484907
-1.609438
0.000000
1
1
1
1
1
1
1
1
1
-0.693147
-1.609438
-2.397895
-3.713572
-4.691348
-5.099866
-5.141664
-4.605170
-3.784190
-2.772589
-1.386294
1
1
1
1
1
1
1
1
0.000000
1
-1.945910
-3.367296
-4.653960
-5.525453
-6.006353
-5.934894
-5.590987
-4.709530
-3.526361
-1.945910
0.000000
1
1
1
1
1
1
1
1
-0.693147
-2.484907
-3.951244
-5.141664
-6.025866
-6.436150
-6.440947
-5.991465
-5.099866
-3.828641
-2.564949
1
1
1
1
1
1
1
1
1
1
-2.079442
-3.828641
-5.181784
-5.888878
-6.376727
-6.368187
-6.047372
-5.153292
-3.713572
-2.197225
-0.693147
1
1
1
1
1
1
1
1
0.000000
-2.197225
-3.496508
-4.727388
-5.455321
-6.042633
-6.054439
-5.484797
-4.753590
-3.401197
-1.945910
0.000000
1
1
1
1
1
1
1
1
1
-1.098612
-2.639057
-3.871201
-4.804021
-5.123964
-5.111988
-4.543295
-3.555348
-2.639057
-0.693147
1
1
1
1
1
1
1
1
1
1
-0.693147
-1.098612
-2.639057
-3.637586
-3.850148
-4.060443
-3.526361
-2.833213
-1.609438
1
1
1
1
1
1
1
1
1
1
1
1
0.000000
0.000000
-2.197225
-2.833213
-2.564949
-2.302585
1
1
1
1
1
1
1
1
1
1
1
1
1
1
1
0.000000
1
-0.693147
1
1
1
1
1
1
1
1
1
1
1
1
1
1
1
1
1
1
1
1
1
1
1
1
1
1
1
1
1
1
1
1
1
1
1
1
1
1
1
1
1
1
0.000000
1
1
1
1
1
1
1
1
1
1
1
1
1
1
1
1
1
1
1
1
1
1
1
1
1
1
1
1
1
1
1
1
1
1
1
1
1
1
1
1
1
1
1
1
1
1
1
