10 10 20 20
-4.615121
-4.343805
-4.189655
-4.234107
-4.094345
-3.891820
-4.110874
-4.143135
-3.761200
-3.465736
-3.583519
-3.258097
-3.465736
-3.091042
-2.995732
-3.178054
-3.091042
-2.995732
-2.397895
-2.564949
-5.347108
-4.248495
-4.248495
-4.234107
-4.025352
-3.891820
-3.828641
-3.828641
-3.784190
-3.737670
-3.688879
-3.496508
-3.332205
-3.091042
-2.890372
-2.639057
-2.995732
-3.258097
-2.564949
-2.397895
-5.257495
-4.219508
-4.317488
-4.219508
-3.931826
-3.737670
-3.401197
-3.663562
-3.610918
-3.091042
-3.178054
-3.332205
-3.332205
-2.639057
-3.044522
-2.890372
-1.945910
-2.302585
-2.484907
-2.302585
-5.209486
-3.970292
-3.828641
-3.951244
-4.007333
-3.713572
-3.433987
-3.761200
-3.663562
-3.258097
-2.995732
-3.044522
-2.995732
-2.890372
-3.091042
-2.708050
-1.945910
-2.197225
-2.484907
-2.484907
-5.056246
-4.007333
-3.970292
-3.526361
-3.555348
-3.433987
-3.433987
-3.367296
-3.526361
-3.332205
-3.218876
-3.135494
-2.772589
-2.302585
-2.639057
-2.484907
-2.639057
-2.197225
-2.564949
-2.639057
-5.068904
-3.871201
-3.688879
-3.663562
-3.295837
-3.555348
-3.258097
-3.465736
-3.218876
-2.833213
-2.890372
-2.639057
-2.772589
-2.772589
-2.833213
-2.564949
-2.484907
-2.484907
-2.484907
-2.079442
-4.709530
-3.871201
-3.871201
-3.970292
-3.433987
-3.555348
-3.091042
-2.944439
-3.044522
-2.708050
-2.995732
-2.564949
-2.890372
-2.197225
-2.079442
-2.833213
-3.044522
-2.484907
-1.386294
-1.609438
-4.828314
-3.850148
-3.295837
-3.433987
-3.433987
-3.091042
-3.218876
-2.995732
-3.091042
-2.302585
-3.091042
-2.708050
-2.397895
-2.302585
-2.197225
-2.302585
-2.564949
-2.197225
-1.791759
-0.693147
-4.418841
-3.784190
-3.465736
-3.091042
-3.178054
-3.044522
-2.772589
-2.564949
-2.708050
-2.708050
-2.639057
-2.484907
-1.945910
-1.945910
-1.945910
-2.079442
-1.945910
-1.791759
-1.791759
-1.386294
-4.454347
-3.555348
-3.465736
-3.091042
-2.639057
-3.044522
-3.367296
-2.890372
-2.708050
-2.639057
-2.397895
-2.772589
-2.197225
-2.302585
-2.197225
-2.564949
-2.302585
-1.945910
-1.386294
-2.079442
-4.510860
-3.465736
-2.944439
-3.433987
-3.044522
-3.178054
-2.833213
-2.639057
-2.944439
-2.484907
-2.890372
-2.197225
-2.197225
-2.079442
-1.791759
-2.484907
-2.708050
-1.098612
-1.791759
0.000000
-4.477337
-2.995732
-3.044522
-3.218876
-2.772589
-2.944439
-3.091042
-2.890372
-2.564949
-2.564949
-2.302585
-2.197225
-2.397895
-2.079442
-2.302585
-1.791759
-1.791759
-2.079442
-1.098612
-1.386294
-4.276666
-3.295837
-3.044522
-2.708050
-2.833213
-2.708050
-2.564949
-2.833213
-2.197225
-2.564949
-2.708050
-2.079442
-2.302585
-2.302585
-2.302585
-1.386294
-1.098612
-1.945910
-1.791759
-1.386294
-3.871201
-3.218876
-2.890372
-2.890372
-2.833213
-2.708050
-2.639057
-2.397895
-1.791759
-2.302585
-2.079442
-2.564949
-2.197225
-1.098612
-1.791759
-0.693147
-2.079442
-1.609438
-1.609438
0.000000
-3.931826
-3.135494
-2.564949
-2.772589
-2.944439
-2.397895
-2.833213
-2.708050
-2.302585
-1.945910
-1.945910
-2.197225
-1.609438
-1.791759
-1.386294
-1.098612
-1.098612
-1.098612
-1.098612
-1.609438
-4.060443
-2.708050
-2.564949
-2.197225
-2.197225
-2.079442
-2.772589
-2.944439
-1.791759
-1.791759
-1.609438
-1.945910
-1.945910
-1.791759
-1.098612
-1.098612
-1.386294
-1.609438
-2.079442
0.000000
-3.761200
-2.833213
-2.564949
-2.197225
-2.772589
-2.708050
-2.079442
-1.791759
-2.079442
-1.609438
-1.945910
0.000000
-1.791759
-1.609438
-1.609438
-0.693147
-0.693147
-0.693147
-0.693147
-1.386294
-3.806662
-2.772589
-1.945910
-2.484907
-2.079442
-2.484907
-2.484907
-2.302585
-2.564949
-2.197225
0.000000
-1.386294
-1.791759
0.000000
-0.693147
-1.609438
-1.791759
-1.098612
-1.098612
-1.098612
-3.465736
-2.639057
-2.564949
-2.708050
-2.197225
-1.386294
-1.791759
-1.945910
-1.098612
-1.609438
-1.791759
-0.693147
-1.791759
0.000000
-1.609438
-1.098612
-1.098612
-1.386294
-0.693147
-1.386294
-3.583519
-2.772589
-2.772589
-2.484907
-1.791759
-1.791759
-2.079442
-2.079442
-1.386294
-1.609438
-1.609438
-1.386294
-1.386294
-1.609438
-0.693147
-1.098612
1
-1.098612
-1.098612
-1.098612
