10 10 20 20
-4.624973
-4.382027
-4.499810
-4.234107
-4.007333
-4.025352
-3.784190
-3.637586
-3.784190
-3.526361
-3.526361
-3.555348
-3.218876
-3.258097
-2.833213
-3.295837
-2.564949
-2.397895
-2.484907
-2.302585
-5.463832
-4.330733
-4.204693
-4.110874
-3.931826
-3.871201
-3.951244
-3.713572
-3.806662
-3.178054
-3.526361
-3.332205
-3.178054
-3.295837
-2.944439
-2.944439
-2.484907
-2.564949
-2.833213
-2.197225
-5.278115
-3.970292
-4.110874
-3.871201
-3.912023
-3.784190
-3.713572
-3.713572
-3.433987
-3.465736
-3.091042
-3.091042
-2.944439
-2.708050
-3.258097
-2.302585
-2.397895
-2.708050
-2.197225
-2.197225
-5.135798
-4.248495
-4.189655
-3.806662
-4.007333
-3.610918
-3.526361
-3.332205
-3.367296
-3.367296
-3.135494
-2.564949
-3.332205
-3.258097
-2.833213
-1.386294
-2.639057
-2.484907
-1.945910
-2.302585
-5.111988
-3.850148
-3.931826
-3.806662
-3.891820
-3.465736
-3.583519
-3.091042
-3.258097
-3.044522
-2.833213
-2.639057
-2.833213
-2.772589
-2.890372
-2.302585
-2.708050
-1.945910
-2.079442
-2.397895
-5.036953
-3.761200
-3.688879
-3.583519
-3.688879
-3.555348
-3.637586
-3.135494
-3.401197
-3.332205
-2.639057
-3.091042
-2.833213
-2.833213
-2.639057
-2.995732
-2.302585
-2.639057
-2.564949
-1.386294
-4.852030
-4.043051
-3.806662
-3.761200
-3.688879
-3.332205
-3.610918
-2.944439
-2.995732
-3.044522
-2.833213
-3.044522
-2.639057
-2.302585
-2.302585
-2.397895
-2.197225
-2.484907
-1.945910
-2.197225
-4.727388
-3.737670
-3.761200
-3.496508
-3.496508
-3.332205
-3.332205
-3.178054
-3.091042
-2.639057
-2.833213
-2.890372
-2.397895
-2.397895
-2.708050
-2.708050
-1.791759
-1.791759
-1.609438
-2.079442
-4.644391
-3.688879
-3.637586
-3.295837
-3.091042
-2.890372
-3.295837
-3.135494
-2.890372
-2.708050
-2.944439
-2.772589
-2.833213
-2.639057
-2.079442
-2.564949
-1.386294
-2.197225
-1.945910
-1.098612
-4.624973
-3.258097
-3.218876
-3.583519
-2.708050
-3.091042
-2.639057
-2.772589
-2.890372
-2.944439
-2.302585
-2.708050
-2.639057
-2.833213
-2.302585
-2.302585
-1.098612
-1.945910
-2.197225
-1.386294
-4.369448
-3.367296
-3.526361
-3.526361
-2.890372
-2.639057
-2.944439
-2.772589
-3.044522
-2.890372
-2.397895
-2.484907
-2.564949
-2.564949
-2.302585
-1.791759
-2.197225
-2.197225
-1.609438
-1.791759
-4.158883
-3.433987
-3.295837
-3.091042
-2.995732
-2.484907
-3.135494
-2.708050
-2.484907
-2.302585
-2.079442
-2.772589
-1.791759
-2.397895
-2.302585
-1.609438
-2.197225
-1.945910
0.000000
-1.098612
-4.158883
-2.833213
-3.332205
-2.772589
-2.772589
-3.258097
-2.708050
-2.484907
-2.708050
-2.197225
-2.484907
-2.564949
-2.197225
-2.397895
-2.079442
-1.609438
-2.302585
-0.693147
-0.693147
-2.079442
-4.234107
-3.135494
-2.833213
-2.564949
-2.833213
-3.044522
-2.564949
-2.564949
-2.397895
-2.397895
-2.302585
-2.197225
-2.197225
-1.609438
-1.609438
-1.386294
-2.197225
-0.693147
0.000000
-1.609438
-4.007333
-2.564949
-3.044522
-2.890372
-2.772589
-2.772589
-2.833213
-2.302585
-1.386294
-2.397895
-2.079442
-2.197225
-1.791759
-1.791759
-0.693147
-2.197225
-1.386294
-1.609438
-1.386294
-1.098612
-3.912023
-3.135494
-2.995732
-2.564949
-2.302585
-2.708050
-2.484907
-1.609438
-2.708050
-1.791759
-1.098612
-1.945910
-1.791759
-1.945910
-1.791759
-1.386294
-1.386294
-0.693147
-1.386294
-0.693147
-3.737670
-3.044522
-2.833213
-2.302585
-2.890372
-2.484907
-2.564949
-1.945910
-1.609438
-1.945910
-2.079442
-1.791759
-1.791759
-1.098612
-1.945910
-1.609438
1
-0.693147
-1.609438
-0.693147
-3.401197
-3.091042
-2.944439
-2.484907
-2.708050
-1.609438
-2.079442
-2.639057
-2.197225
0.000000
-1.609438
-1.945910
-0.693147
-0.693147
-1.098612
-0.693147
-1.386294
-0.693147
1
-1.386294
-3.610918
-2.197225
-2.302585
-2.564949
-2.397895
-2.708050
-2.397895
-2.079442
-1.791759
-1.791759
-2.197225
-1.791759
-1.386294
-1.791759
-1.098612
-1.386294
-1.098612
-1.098612
-0.693147
0.000000
-3.258097
-2.197225
-2.833213
-1.386294
-2.079442
-1.609438
-1.945910
-2.079442
-2.484907
-2.197225
-1.098612
-1.609438
-1.386294
-1.386294
-1.791759
-0.693147
-1.386294
-1.386294
-0.693147
-0.693147
