10 10 20 20
-4.465908
-4.219508
-3.951244
-4.143135
-4.127134
-4.110874
-4.077537
-3.828641
-3.931826
-3.610918
-3.332205
-3.555348
-3.258097
-3.295837
-2.995732
-3.218876
-2.484907
-2.995732
-2.833213
-2.944439
-5.318120
-4.330733
-4.248495
-4.248495
-3.784190
-3.583519
-3.637586
-3.465736
-3.737670
-3.091042
-3.258097
-2.995732
-3.091042
-3.295837
-2.944439
-2.995732
-3.135494
-2.639057
-2.564949
-1.098612
-5.313206
-4.290459
-4.219508
-3.761200
-4.094345
-3.850148
-3.663562
-3.688879
-3.135494
-3.178054
-3.433987
-3.332205
-3.044522
-2.708050
-2.484907
-3.044522
-2.397895
-2.708050
-2.397895
-2.302585
-5.204007
-3.871201
-4.043051
-4.158883
-3.850148
-3.555348
-3.637586
-3.526361
-3.295837
-3.401197
-3.218876
-3.135494
-2.944439
-2.833213
-2.708050
-2.833213
-2.484907
-2.484907
-1.609438
-2.302585
-5.099866
-4.219508
-3.931826
-3.663562
-3.637586
-3.688879
-3.433987
-3.465736
-2.890372
-2.944439
-2.564949
-3.091042
-3.178054
-3.178054
-2.302585
-2.302585
-2.484907
-1.945910
-2.484907
-2.564949
-4.875197
-3.583519
-3.912023
-3.663562
-3.637586
-3.332205
-3.258097
-3.178054
-3.401197
-3.218876
-2.772589
-2.995732
-2.639057
-2.564949
-2.484907
-2.833213
-1.791759
-2.397895
-2.772589
-2.197225
-4.859812
-3.637586
-3.891820
-3.367296
-3.713572
-3.610918
-3.258097
-3.135494
-3.135494
-3.401197
-2.944439
-2.944439
-2.484907
-2.833213
-2.197225
-2.484907
-1.945910
-2.397895
-1.791759
-1.945910
-4.836282
-3.433987
-3.931826
-3.258097
-3.401197
-3.465736
-2.484907
-3.135494
-2.890372
-3.178054
-2.995732
-2.079442
-1.386294
-2.079442
-2.397895
-1.791759
-2.079442
-2.079442
-2.197225
-1.098612
-4.770685
-3.610918
-3.178054
-3.367296
-3.367296
-2.995732
-3.218876
-2.302585
-3.135494
-2.397895
-2.397895
-2.890372
-2.079442
-2.079442
-2.079442
-2.079442
-2.302585
-1.386294
-2.397895
-1.386294
-4.584967
-3.332205
-3.218876
-3.091042
-3.637586
-2.890372
-3.091042
-2.639057
-2.639057
-3.044522
-2.772589
-2.772589
-2.079442
-2.079442
-1.609438
-2.397895
-1.098612
-2.197225
-1.945910
-1.098612
-4.418841
-3.401197
-3.332205
-3.135494
-2.833213
-2.708050
-2.484907
-3.295837
-2.944439
-2.772589
-2.397895
-2.708050
-2.302585
-2.079442
-2.484907
-1.945910
-2.302585
-1.791759
-1.386294
-1.609438
-4.262680
-3.583519
-3.433987
-2.995732
-2.944439
-2.708050
-2.890372
-2.564949
-2.564949
-2.995732
-2.197225
-2.397895
-2.197225
-1.945910
-1.791759
-1.386294
-1.609438
-1.791759
-1.791759
-1.791759
-4.356709
-2.302585
-3.258097
-2.944439
-2.890372
-2.833213
-2.708050
-2.772589
-2.484907
-2.639057
-2.397895
-2.397895
-1.945910
-1.945910
-2.397895
-1.386294
-1.945910
-1.098612
-1.386294
-1.386294
-4.234107
-3.178054
-2.995732
-3.135494
-3.091042
-2.708050
-3.044522
-2.708050
-1.609438
-2.302585
-1.609438
-2.197225
-1.609438
-2.639057
-1.386294
-2.079442
-1.609438
-1.098612
-1.945910
-1.791759
-3.850148
-2.944439
-3.135494
-2.944439
-2.564949
-2.708050
-2.484907
-2.079442
-2.564949
-2.708050
-1.609438
-1.098612
-1.945910
0.000000
-0.693147
-1.609438
-1.386294
-0.693147
-1.791759
-1.609438
-3.951244
-2.397895
-2.639057
-2.484907
-2.079442
-2.772589
-2.639057
-1.945910
-2.302585
-2.397895
-2.197225
-2.079442
-1.098612
-1.098612
-1.945910
-1.386294
-2.079442
-1.609438
-0.693147
0.000000
-3.891820
-2.639057
-2.833213
-2.564949
-2.564949
-2.772589
-2.197225
-2.397895
-2.397895
-2.302585
-2.079442
-1.609438
-1.386294
-1.386294
-1.609438
-1.791759
-0.693147
-0.693147
-0.693147
0.000000
-3.871201
-2.639057
-2.484907
-1.945910
-2.397895
-2.197225
-2.772589
-2.197225
-2.079442
-1.609438
-2.079442
-2.197225
-2.484907
-2.197225
-0.693147
-1.945910
-2.079442
-1.098612
-1.098612
-1.098612
-3.688879
-2.833213
-2.564949
-2.484907
-2.564949
-2.302585
-2.397895
-1.945910
-1.609438
-1.386294
-1.386294
-0.693147
-1.386294
-2.079442
-1.791759
-1.791759
-1.386294
-1.098612
-1.609438
0.000000
-3.526361
-2.302585
-1.945910
-2.197225
-2.564949
-1.945910
-2.302585
-2.484907
-1.386294
-1.386294
-1.945910
-1.609438
-1.945910
-1.609438
-2.197225
-0.693147
-1.386294
0.000000
-1.386294
-0.693147
