10 10 20 20
-4.025352
-4.025352
-3.850148
-3.988984
-3.637586
-3.761200
-3.784190
-3.663562
-3.332205
-3.258097
-3.433987
-2.995732
-3.526361
-3.135494
-3.091042
-2.564949
-2.944439
-2.833213
-2.302585
-2.302585
-5.257495
-3.912023
-3.912023
-3.828641
-3.850148
-3.526361
-3.465736
-3.218876
-3.135494
-3.218876
-3.332205
-3.258097
-3.258097
-2.639057
-3.258097
-2.397895
-2.772589
-2.564949
-1.945910
-2.708050
-5.252273
-3.761200
-3.688879
-3.713572
-3.526361
-3.367296
-3.583519
-3.555348
-3.258097
-3.465736
-3.465736
-3.178054
-3.135494
-3.091042
-2.772589
-2.995732
-2.639057
-2.397895
-2.708050
-2.772589
-5.303305
-3.526361
-3.663562
-3.178054
-3.295837
-3.367296
-3.433987
-3.258097
-3.258097
-3.367296
-3.218876
-2.833213
-2.484907
-2.484907
-2.397895
-2.197225
-2.484907
-2.484907
-2.708050
-2.302585
-4.890349
-3.806662
-3.663562
-3.713572
-3.610918
-3.332205
-3.091042
-3.332205
-3.295837
-3.178054
-3.135494
-3.218876
-3.044522
-2.639057
-2.397895
-2.944439
-2.639057
-2.302585
-2.197225
-1.791759
-4.976734
-3.401197
-3.713572
-3.367296
-3.433987
-3.135494
-3.044522
-2.833213
-2.995732
-2.708050
-2.995732
-2.079442
-2.833213
-2.995732
-2.708050
-2.079442
-2.564949
-1.791759
-1.945910
-2.833213
-4.897840
-3.637586
-3.433987
-3.583519
-3.178054
-3.218876
-3.218876
-2.944439
-2.484907
-2.833213
-3.044522
-2.564949
-2.708050
-2.772589
-2.197225
-2.833213
-2.302585
-2.197225
-2.397895
-2.302585
-4.875197
-3.044522
-3.332205
-3.044522
-3.091042
-3.135494
-3.091042
-2.833213
-2.772589
-2.564949
-2.708050
-2.890372
-2.944439
-1.945910
-2.484907
-2.484907
-2.079442
-2.484907
-1.791759
-2.484907
-4.948760
-3.465736
-3.258097
-3.332205
-3.433987
-3.044522
-2.639057
-2.890372
-2.833213
-2.197225
-2.995732
-2.564949
-2.302585
-2.772589
-1.945910
-2.397895
-2.197225
-1.945910
0.000000
-1.791759
-4.691348
-3.258097
-3.258097
-3.218876
-3.044522
-3.218876
-2.995732
-2.639057
-2.708050
-2.890372
-2.772589
-2.397895
-2.079442
-2.197225
-2.197225
-1.609438
-1.386294
-2.079442
-2.397895
-1.386294
-4.442651
-2.772589
-2.708050
-3.091042
-3.218876
-2.708050
-2.890372
-2.564949
-2.397895
-2.639057
-1.791759
-2.484907
-1.945910
-2.079442
-2.302585
-2.484907
-2.397895
-1.609438
-1.386294
-1.386294
-4.753590
-2.944439
-3.258097
-2.772589
-3.091042
-2.564949
-3.044522
-2.890372
-2.944439
-2.302585
-2.197225
-2.397895
-2.564949
-2.197225
-1.386294
-2.639057
-1.945910
-1.945910
-1.609438
-1.609438
-4.406719
-3.218876
-3.135494
-2.708050
-2.890372
-2.708050
-3.135494
-2.639057
-1.609438
-2.302585
-2.302585
-1.791759
-1.791759
-1.609438
-1.609438
-2.079442
-1.386294
-1.386294
-1.609438
-1.791759
-4.418841
-2.944439
-2.995732
-2.639057
-2.639057
-2.833213
-2.944439
-1.791759
-1.945910
-2.397895
-2.079442
-1.791759
-1.791759
-2.079442
-1.945910
-1.098612
-1.609438
-1.609438
-1.945910
-0.693147
-4.276666
-2.639057
-2.890372
-2.397895
-2.197225
-2.397895
-2.484907
-2.484907
-2.484907
-2.197225
-1.791759
-2.197225
-2.197225
-1.945910
-1.945910
-1.609438
-2.302585
-1.098612
-1.098612
-1.386294
-4.127134
-3.044522
-2.564949
-2.397895
-2.890372
-2.197225
-2.708050
-2.639057
-2.484907
-1.791759
-2.197225
-2.079442
-2.302585
-1.098612
-0.693147
-1.098612
-1.386294
-1.386294
-2.197225
-1.386294
-4.143135
-2.484907
-2.708050
-2.833213
-2.302585
-1.791759
-2.302585
-2.639057
-2.197225
-1.386294
-1.791759
-2.197225
-1.386294
-1.945910
0.000000
-1.791759
-1.945910
0.000000
-1.386294
-1.098612
-4.248495
-2.639057
-2.772589
-2.639057
-1.791759
-1.791759
-1.791759
-2.197225
-2.302585
-2.197225
-1.945910
-1.945910
-1.386294
-1.791759
-1.791759
-2.079442
-1.386294
-1.791759
-1.098612
-1.791759
-4.060443
-2.484907
-2.302585
-2.302585
-2.772589
-1.945910
-2.302585
-2.197225
-1.098612
-1.609438
-2.397895
-2.397895
-1.386294
-0.693147
-1.386294
-1.386294
-1.945910
-0.693147
-1.791759
-1.609438
-3.988984
-2.708050
-1.609438
-2.772589
-2.197225
-2.079442
-1.791759
-2.079442
-1.791759
-1.098612
-1.098612
-1.609438
-1.945910
-1.609438
-1.386294
-1.098612
-0.693147
-1.098612
-0.693147
-1.386294
