10 10 20 20
-5.837730
-5.627621
-5.446737
-5.308268
-5.043425
-4.634729
-4.394449
-4.382027
-4.248495
-4.158883
-3.761200
-3.401197
-3.295837
-2.772589
-2.708050
-2.833213
-2.890372
-2.197225
-1.609438
-1.098612
-5.690359
-5.420535
-5.288267
-5.010635
-4.644391
-4.477337
-4.290459
-4.043051
-3.970292
-3.784190
-3.583519
-3.218876
-3.218876
-3.091042
-2.564949
-2.890372
-2.772589
-2.197225
-2.564949
-1.945910
-5.472271
-5.204007
-5.062595
-4.941642
-4.584967
-4.276666
-4.304065
-3.988984
-3.828641
-3.401197
-3.178054
-3.178054
-2.833213
-2.890372
-2.564949
-2.079442
-2.197225
-0.693147
-2.302585
0.000000
-5.181784
-5.087596
-4.820282
-4.624973
-4.488636
-4.127134
-3.806662
-3.784190
-3.610918
-3.295837
-2.995732
-2.944439
-2.564949
-2.397895
-2.484907
-2.639057
-1.791759
-2.079442
-1.609438
-1.791759
-5.147494
-4.736198
-4.543295
-4.356709
-4.158883
-4.174387
-3.637586
-3.637586
-3.367296
-3.295837
-2.708050
-3.178054
-2.397895
-1.791759
-2.197225
-2.079442
-1.098612
-2.079442
-1.791759
-1.609438
-4.859812
-4.584967
-4.343805
-4.248495
-4.290459
-3.583519
-3.258097
-3.178054
-3.091042
-3.258097
-2.639057
-2.772589
-2.302585
-2.397895
-1.791759
-1.386294
-0.693147
0.000000
1
-1.098612
-4.859812
-4.248495
-4.043051
-3.951244
-3.931826
-3.688879
-3.555348
-2.833213
-3.044522
-2.639057
-2.639057
-2.079442
-2.079442
-2.302585
-0.693147
-0.693147
-1.098612
-1.386294
-1.609438
-1.098612
-4.454347
-4.204693
-4.077537
-4.007333
-3.713572
-3.258097
-3.258097
-2.833213
-3.178054
-2.079442
-2.302585
-2.833213
-1.791759
-1.609438
-2.197225
-1.609438
-0.693147
-0.693147
-1.386294
-0.693147
-4.304065
-3.806662
-3.931826
-3.737670
-3.178054
-3.295837
-2.890372
-2.995732
-2.772589
-2.197225
-2.302585
-1.945910
-1.609438
-1.945910
-1.386294
-1.386294
-1.609438
0.000000
1
0.000000
-4.290459
-3.526361
-3.688879
-3.295837
-3.258097
-3.044522
-2.079442
-3.091042
-2.197225
-2.397895
-2.079442
-1.609438
-1.609438
-1.609438
-1.386294
0.000000
-1.098612
-0.693147
-1.098612
0.000000
-3.737670
-3.850148
-3.091042
-3.367296
-2.708050
-2.890372
-2.944439
-2.564949
-2.564949
-2.079442
-1.945910
-1.098612
0.000000
-1.098612
-0.693147
1
0.000000
1
1
0.000000
-3.555348
-3.091042
-3.258097
-2.708050
-2.944439
-2.302585
-2.708050
-1.791759
-2.079442
-1.945910
-1.098612
-1.098612
-1.609438
-1.609438
-1.609438
-1.609438
-1.098612
0.000000
0.000000
0.000000
-3.688879
-3.496508
-3.135494
-2.708050
-2.772589
-2.772589
-2.079442
-1.609438
-1.609438
-1.945910
-2.079442
-1.791759
-0.693147
-1.098612
-0.693147
0.000000
0.000000
0.000000
0.000000
1
-3.367296
-2.890372
-1.945910
-2.197225
-2.197225
-1.791759
-2.079442
-1.791759
0.000000
-1.386294
-1.386294
-1.609438
-1.609438
-0.693147
0.000000
0.000000
0.000000
1
0.000000
0.000000
-3.433987
-2.708050
-2.639057
-2.079442
-2.564949
-1.609438
-1.386294
-1.945910
-0.693147
-1.098612
-0.693147
-0.693147
-1.386294
1
0.000000
1
0.000000
1
-0.693147
0.000000
-3.178054
-2.197225
-2.484907
-1.945910
0.000000
-1.386294
-2.564949
-1.609438
-1.609438
0.000000
0.000000
-0.693147
1
-1.098612
-1.098612
1
0.000000
0.000000
1
0.000000
-2.484907
-2.564949
-2.397895
-1.791759
-2.079442
-1.098612
-1.609438
-1.386294
-1.609438
0.000000
-1.098612
-0.693147
-0.693147
-0.693147
0.000000
1
0.000000
0.000000
1
0.000000
-2.484907
-1.791759
-1.945910
-1.609438
-1.791759
-1.609438
-1.098612
-1.098612
0.000000
-0.693147
0.000000
1
-0.693147
1
0.000000
1
1
1
1
1
-2.397895
-2.079442
-1.791759
-1.791759
-1.609438
0.000000
-1.791759
0.000000
-0.693147
0.000000
0.000000
0.000000
1
-0.693147
1
1
1
1
1
1
-2.079442
-2.484907
-0.693147
-1.098612
-0.693147
0.000000
1
-1.945910
0.000000
-1.098612
0.000000
0.000000
0.000000
0.000000
1
1
1
1
0.000000
1
