10 10 20 20
1
1
1
1
1
1
1
1
1
1
1
1
1
1
1
1
1
1
1
1
1
1
1
1
1
1
1
1
1
1
1
1
1
1
1
1
1
1
1
1
1
1
1
1
1
1
1
1
1
1
1
1
1
1
1
1
1
1
1
1
1
1
1
1
1
1
1
1
1
1
1
1
1
1
1
1
1
1
1
1
1
1
1
1
1
1
1
1
1
1
1
1
1
1
1
1
1
1
1
1
1
1
1
1
1
1
1
1
1
1
1
1
1
1
1
1
1
1
1
1
1
1
1
1
1
1
1
1
1
1
1
1
1
1
1
1
1
1
1
1
1
1
1
1
1
1
1
1
1
1
1
1
1
1
1
1
1
1
1
1
1
1
1
1
1
1
1
1
1
1
1
1
1
1
1
0.000000
1
1
1
1
1
1
1
1
1
1
1
1
1
1
1
1
1
0.000000
1
-0.693147
1
1
1
1
1
1
1
1
1
1
1
1
1
1
1
1
-0.693147
-1.791759
-1.386294
-1.945910
-1.609438
-1.098612
0.000000
1
1
1
1
1
1
1
1
1
1
1
0.000000
-1.386294
-2.564949
-3.784190
-3.988984
-3.688879
-3.496508
-2.995732
-1.609438
1
1
1
1
1
1
1
1
1
1
1
0.000000
-2.484907
-3.688879
-4.787492
-5.170484
-5.010635
-4.736198
-4.110874
-2.397895
-0.693147
1
1
1
1
1
1
1
1
1
1
-1.609438
-3.433987
-4.812184
-5.602119
-6.131226
-6.059123
-5.579730
-4.682131
-3.367296
-1.609438
1
1
1
1
1
1
1
1
0.000000
0.000000
-2.197225
-3.988984
-5.129899
-5.958425
-6.406880
-6.363028
-6.037871
-5.049856
-3.871201
-1.945910
-0.693147
1
1
1
1
1
1
1
1
-0.693147
-2.484907
-3.737670
-5.192957
-5.988961
-6.398595
-6.354370
-5.981414
-5.043425
-3.737670
-2.484907
-0.693147
1
1
1
1
1
1
1
1
0.000000
-1.945910
-3.091042
-4.744932
-5.545177
-5.963579
-5.908083
-5.455321
-4.753590
-3.637586
-1.791759
0.000000
1
1
1
1
1
1
1
1
0.000000
-0.693147
-1.945910
-3.970292
-4.779123
-5.099866
-5.093750
-4.653960
-4.025352
-2.484907
0.000000
1
1
1
1
1
1
1
1
1
1
1
-1.609438
-2.397895
-3.367296
-3.912023
-4.174387
-3.367296
-2.708050
-1.945910
0.000000
1
1
1
1
1
1
1
1
1
1
-0.693147
-0.693147
-0.693147
1
-2.639057
-1.945910
-1.098612
-1.609438
1
1
