10 10 20 20
-4.595120
-4.430817
-4.304065
-4.127134
-4.077537
-4.189655
-3.713572
-3.912023
-3.912023
-3.713572
-3.401197
-3.401197
-3.433987
-3.091042
-2.833213
-2.772589
-2.772589
-2.772589
-2.708050
-2.995732
-5.323010
-4.317488
-4.304065
-4.094345
-3.912023
-4.127134
-3.761200
-3.688879
-3.761200
-3.465736
-3.218876
-3.295837
-2.639057
-3.295837
-2.944439
-3.091042
-3.091042
-2.772589
-2.397895
-2.708050
-5.241747
-4.143135
-4.043051
-3.850148
-3.713572
-3.688879
-3.526361
-3.610918
-3.583519
-3.295837
-3.583519
-2.995732
-2.564949
-3.044522
-3.044522
-2.302585
-2.772589
-2.772589
-2.079442
-2.708050
-5.225747
-4.189655
-4.174387
-3.912023
-3.784190
-3.526361
-3.761200
-3.401197
-3.713572
-3.526361
-3.367296
-3.091042
-2.890372
-2.890372
-2.484907
-3.135494
-1.609438
-2.944439
-2.484907
-2.484907
-4.962845
-3.931826
-4.094345
-3.761200
-3.526361
-3.891820
-3.135494
-2.995732
-3.367296
-2.833213
-3.044522
-2.944439
-2.833213
-2.397895
-2.772589
-2.833213
-2.484907
-1.609438
-1.945910
-2.397895
-4.852030
-3.713572
-3.806662
-3.931826
-3.663562
-3.332205
-3.465736
-3.258097
-3.135494
-3.433987
-2.564949
-2.708050
-3.295837
-2.833213
-2.197225
-1.386294
-2.079442
-1.791759
-1.791759
-2.197225
-4.941642
-3.737670
-3.496508
-3.912023
-3.850148
-3.332205
-3.496508
-3.135494
-3.091042
-3.135494
-2.944439
-2.302585
-2.302585
-2.397895
-2.564949
-1.945910
-2.079442
-2.079442
-2.197225
-2.564949
-4.812184
-3.555348
-3.850148
-3.295837
-3.583519
-3.583519
-2.944439
-3.178054
-2.833213
-2.944439
-2.397895
-2.890372
-2.197225
-2.639057
-2.484907
-2.197225
-1.386294
-2.302585
-1.791759
-1.945910
-4.615121
-3.688879
-3.806662
-3.496508
-3.258097
-3.332205
-3.091042
-3.178054
-3.044522
-2.708050
-2.397895
-2.079442
-2.079442
-2.302585
-2.197225
-1.945910
-1.791759
-2.302585
-2.197225
-2.197225
-4.736198
-3.465736
-3.526361
-3.610918
-3.258097
-3.044522
-2.708050
-2.302585
-2.890372
-2.708050
-2.639057
-2.708050
-2.639057
-2.302585
-2.564949
-2.302585
-2.302585
-2.302585
-1.386294
-1.098612
-4.394449
-3.496508
-3.135494
-2.995732
-2.708050
-3.135494
-2.944439
-2.772589
-2.564949
-2.564949
-2.564949
-2.302585
-2.079442
-2.639057
-1.609438
-2.197225
-1.386294
-1.386294
-1.386294
-2.079442
-4.521789
-3.044522
-2.079442
-2.772589
-2.833213
-3.135494
-3.367296
-2.772589
-2.772589
-2.397895
-2.639057
-2.708050
-2.197225
-1.945910
-1.098612
-1.386294
-1.609438
-2.079442
-2.302585
-2.302585
-4.276666
-3.178054
-3.044522
-3.258097
-2.639057
-2.890372
-2.772589
-2.484907
-2.484907
-2.197225
-2.484907
-2.484907
-1.945910
-1.609438
-1.791759
-1.945910
-1.386294
-1.609438
-1.386294
-1.609438
-4.025352
-3.465736
-3.044522
-3.091042
-2.890372
-2.079442
-2.197225
-2.397895
-2.944439
-1.945910
-2.484907
-1.609438
-2.484907
-1.791759
-1.386294
-1.386294
-1.386294
-1.609438
-2.197225
0.000000
-4.158883
-2.708050
-2.564949
-2.708050
-2.772589
-2.944439
-2.397895
-2.639057
-1.945910
-2.197225
-2.708050
-2.564949
-1.609438
-1.945910
-2.397895
-2.079442
-1.098612
-2.079442
-1.609438
-1.609438
-4.025352
-2.772589
-2.564949
-2.772589
-2.772589
-2.302585
-1.945910
-2.772589
0.000000
-1.945910
-1.945910
-2.079442
-1.791759
-2.397895
-2.197225
-1.098612
-1.945910
0.000000
-1.386294
0.000000
-3.583519
-2.833213
-2.708050
-2.564949
-2.833213
-1.791759
-2.197225
-2.197225
-2.197225
-2.197225
-2.079442
-2.197225
-2.197225
-0.693147
-1.098612
-0.693147
-1.386294
-1.098612
-1.098612
-1.386294
-3.637586
-2.639057
-2.833213
-2.079442
-2.639057
-1.386294
-1.791759
-2.079442
-2.397895
-1.791759
0.000000
-2.302585
-1.386294
-1.098612
-1.609438
-0.693147
-1.386294
-0.693147
-1.098612
0.000000
-3.583519
-2.708050
-2.772589
-2.197225
-2.564949
-2.639057
-2.302585
-1.945910
-1.609438
-2.079442
-1.386294
-1.098612
0.000000
-2.197225
1
-2.079442
-1.098612
0.000000
-1.098612
-1.609438
-3.688879
-2.397895
-2.772589
-2.397895
-2.397895
-1.945910
-1.791759
-1.945910
-1.098612
-2.079442
-1.386294
-1.386294
-1.386294
-1.098612
-1.386294
-0.693147
0.000000
-1.098612
-0.693147
-0.693147
