10 10 20 20
1
1
1
1
1
1
1
1
1
1
1
1
1
1
1
1
1
1
1
1
1
1
1
1
1
1
1
1
1
1
1
1
1
1
1
1
1
1
1
1
1
1
1
1
1
1
1
1
1
1
1
1
1
1
1
1
1
1
1
1
1
1
1
1
1
1
1
1
1
1
1
1
1
1
1
1
1
1
1
1
1
1
1
1
1
1
1
1
0.000000
1
0.000000
1
1
1
1
1
1
1
1
1
1
1
1
1
1
1
-1.098612
1
-1.609438
-2.302585
-1.945910
-1.609438
-1.945910
-0.693147
1
1
1
1
1
1
1
1
1
1
1
1
-1.791759
-2.708050
-3.332205
-3.663562
-3.555348
-3.295837
-2.302585
-1.098612
-0.693147
1
1
1
1
1
1
1
1
1
0.000000
0.000000
-2.708050
-3.761200
-4.488636
-5.087596
-5.159055
-4.644391
-3.871201
-2.564949
1
0.000000
1
1
1
1
1
1
1
1
-0.693147
-1.386294
-3.295837
-4.727388
-5.525453
-6.025866
-5.991465
-5.587249
-4.753590
-3.367296
-1.945910
0.000000
1
1
1
1
1
1
1
1
0.000000
-2.197225
-3.912023
-5.129899
-6.061457
-6.419995
-6.359574
-5.978886
-5.204007
-3.931826
-1.386294
1
1
1
1
1
1
1
1
0.000000
1
-2.079442
-3.850148
-5.081404
-5.877736
-6.478510
-6.453625
-6.045005
-5.010635
-3.871201
-1.386294
0.000000
1
1
1
1
1
1
1
1
-0.693147
-0.693147
-3.496508
-4.844187
-5.505332
-6.102559
-5.991465
-5.424950
-4.682131
-3.218876
-2.079442
1
1
1
1
1
1
1
1
1
1
-1.386294
-2.484907
-3.761200
-4.718499
-5.147494
-5.129899
-4.744932
-3.737670
-2.397895
1
0.000000
1
1
1
1
1
1
1
1
1
1
-1.386294
-2.079442
-3.663562
-3.737670
-3.806662
-3.663562
-2.564949
-0.693147
0.000000
1
1
1
1
1
1
1
1
1
1
1
1
-1.386294
-1.945910
-2.484907
-2.302585
-1.609438
0.000000
0.000000
1
1
1
1
1
1
1
1
1
1
1
1
0.000000
1
-0.693147
1
-0.693147
1
1
1
1
1
1
1
1
1
1
1
1
1
1
1
1
1
1
1
0.000000
1
1
1
1
1
1
1
1
1
1
1
1
1
1
1
1
1
1
1
1
1
1
1
1
1
1
1
1
1
1
1
1
1
1
1
1
1
1
1
1
1
1
1
1
1
1
1
1
1
1
1
1
1
1
1
1
1
1
1
1
1
1
1
1
1
1
1
1
1
