10 10 20 20
-4.465908
-4.418841
-4.418841
-4.304065
-4.077537
-4.174387
-3.871201
-3.806662
-3.555348
-3.761200
-3.332205
-3.295837
-3.583519
-3.178054
-3.433987
-3.091042
-2.833213
-2.564949
-2.302585
-2.484907
-5.293305
-4.276666
-3.912023
-4.110874
-4.077537
-4.077537
-4.077537
-3.610918
-3.295837
-3.891820
-3.295837
-3.465736
-2.944439
-3.218876
-3.178054
-3.135494
-2.833213
-2.639057
-3.091042
-2.564949
-5.407172
-4.127134
-4.262680
-4.094345
-3.761200
-3.526361
-3.610918
-3.806662
-3.663562
-3.828641
-3.367296
-2.944439
-3.135494
-3.258097
-2.397895
-2.397895
-2.772589
-2.639057
-2.397895
-2.397895
-5.147494
-3.970292
-4.110874
-3.891820
-4.110874
-3.891820
-3.178054
-3.401197
-3.332205
-3.367296
-2.890372
-3.218876
-3.135494
-2.772589
-3.091042
-2.772589
-2.397895
-2.833213
-1.945910
-2.833213
-5.010635
-4.158883
-4.007333
-3.988984
-3.784190
-3.637586
-3.258097
-3.526361
-3.295837
-2.772589
-3.178054
-3.218876
-2.944439
-2.995732
-2.772589
-2.397895
-1.945910
-2.639057
-2.197225
-1.945910
-4.718499
-3.988984
-3.828641
-3.761200
-3.871201
-3.258097
-3.258097
-3.258097
-3.295837
-3.178054
-2.944439
-2.944439
-2.890372
-2.639057
-2.079442
-2.833213
-2.708050
-1.098612
-2.397895
-2.484907
-4.820282
-3.737670
-3.637586
-3.583519
-3.610918
-3.433987
-2.944439
-3.178054
-3.044522
-2.708050
-3.044522
-2.639057
-2.639057
-2.564949
-2.708050
-2.397895
-2.079442
-2.302585
-2.197225
-1.945910
-4.709530
-3.737670
-3.526361
-3.367296
-3.526361
-3.044522
-3.218876
-3.332205
-2.833213
-2.639057
-2.833213
-1.791759
-2.639057
-2.564949
-2.197225
-2.197225
-1.945910
-2.079442
-2.079442
-1.945910
-4.682131
-3.737670
-3.583519
-3.688879
-3.332205
-3.496508
-2.833213
-2.944439
-2.564949
-2.708050
-2.564949
-2.564949
-1.791759
-2.197225
-2.639057
-2.302585
-2.079442
-2.079442
-2.302585
-1.791759
-4.615121
-3.496508
-3.433987
-3.178054
-3.433987
-3.178054
-2.890372
-2.833213
-2.772589
-2.944439
-2.397895
-1.945910
-2.639057
-2.484907
-2.397895
-1.791759
-1.609438
-1.609438
-2.079442
-1.791759
-4.532599
-3.258097
-3.091042
-2.890372
-2.639057
-3.135494
-3.178054
-3.178054
-2.484907
-2.833213
-2.484907
-2.302585
-2.302585
-2.484907
-2.302585
-2.397895
-2.397895
-1.098612
-1.098612
-1.098612
-4.290459
-3.218876
-3.135494
-3.091042
-3.135494
-3.135494
-2.772589
-2.944439
-2.708050
-2.708050
-1.791759
-2.079442
-1.791759
-1.609438
-2.079442
-2.079442
-1.791759
-2.197225
-0.693147
-1.791759
-4.262680
-3.496508
-2.890372
-3.135494
-2.708050
-3.135494
-2.639057
-2.639057
-2.564949
-2.484907
-2.397895
-1.791759
-1.791759
-1.945910
-1.386294
-1.609438
-2.564949
-1.386294
-1.609438
-1.609438
-4.158883
-2.772589
-2.995732
-2.890372
-2.772589
-2.890372
-2.397895
-2.302585
-2.302585
-2.397895
-2.079442
-1.945910
-1.791759
-1.609438
-2.079442
-2.302585
-1.945910
-1.791759
-1.386294
-1.098612
-3.970292
-2.944439
-2.772589
-2.772589
-2.564949
-2.890372
-2.639057
-2.772589
-2.772589
-2.484907
-2.302585
-2.708050
-2.397895
-1.098612
-1.609438
-1.098612
-0.693147
-1.098612
-1.609438
-0.693147
-4.060443
-3.218876
-2.944439
-2.772589
-2.639057
-2.995732
-2.397895
-1.945910
-2.708050
-1.945910
-1.945910
-1.098612
-1.609438
-2.397895
-0.693147
-0.693147
-1.609438
-1.609438
0.000000
-1.098612
-3.951244
-2.772589
-2.639057
-2.708050
-2.564949
-2.197225
-2.639057
-2.302585
-2.484907
-1.791759
-2.079442
-0.693147
-0.693147
-1.098612
-1.386294
-0.693147
-1.609438
1
-0.693147
-0.693147
-3.637586
-2.833213
-2.302585
-2.564949
-2.484907
-2.197225
-1.791759
-1.098612
-1.945910
-2.197225
-1.386294
-1.945910
-2.197225
-1.098612
-1.098612
-1.098612
-1.945910
-0.693147
0.000000
-1.386294
-3.583519
-2.484907
-2.833213
-2.302585
-2.197225
-1.609438
-2.079442
-1.386294
-1.791759
-1.386294
-0.693147
-1.386294
-1.945910
-1.098612
-1.386294
1
-0.693147
1
0.000000
1
-3.583519
-2.833213
-2.639057
-2.564949
-2.079442
-1.609438
-1.609438
-1.791759
-1.609438
-1.098612
-1.791759
-1.791759
-1.386294
-2.079442
-1.609438
-1.098612
-1.386294
0.000000
0.000000
-1.098612
