10 10 20 20
-4.615121
-4.343805
-4.189655
-3.912023
-4.143135
-4.060443
-3.784190
-3.951244
-3.761200
-3.496508
-3.367296
-3.332205
-3.367296
-2.995732
-3.258097
-2.995732
-2.890372
-2.833213
-3.091042
-2.302585
-5.283204
-4.343805
-4.290459
-4.077537
-4.077537
-3.891820
-3.688879
-3.951244
-3.465736
-3.433987
-3.610918
-3.401197
-3.258097
-2.772589
-2.995732
-3.135494
-1.945910
-2.944439
-2.944439
-2.564949
-5.273000
-4.143135
-4.248495
-4.143135
-4.043051
-3.761200
-3.737670
-3.850148
-3.761200
-3.295837
-3.178054
-2.833213
-2.944439
-3.135494
-3.218876
-3.044522
-2.197225
-2.397895
-2.564949
-2.639057
-5.056246
-4.234107
-3.713572
-3.970292
-4.007333
-3.637586
-3.258097
-3.332205
-3.295837
-3.583519
-3.332205
-2.484907
-3.178054
-3.258097
-2.944439
-2.890372
-2.484907
-2.484907
-2.197225
-1.609438
-5.093750
-3.526361
-4.025352
-4.060443
-3.737670
-3.367296
-3.135494
-3.295837
-3.135494
-3.295837
-3.218876
-3.218876
-2.197225
-2.397895
-3.091042
-2.302585
-2.302585
-2.564949
-1.945910
-2.302585
-4.983607
-3.970292
-3.828641
-3.713572
-3.367296
-3.295837
-3.433987
-3.433987
-2.995732
-3.135494
-3.258097
-3.135494
-2.484907
-2.944439
-2.708050
-2.833213
-2.564949
-2.639057
-2.397895
-1.945910
-4.990433
-3.970292
-3.610918
-3.688879
-3.526361
-3.555348
-3.496508
-3.091042
-2.890372
-2.833213
-3.135494
-3.218876
-2.890372
-2.079442
-2.564949
-2.995732
-1.609438
-2.079442
-1.945910
-2.302585
-4.955827
-3.850148
-3.637586
-3.610918
-3.295837
-3.526361
-3.178054
-3.258097
-2.890372
-2.833213
-2.944439
-2.079442
-2.995732
-2.995732
-2.772589
-2.197225
-2.197225
-2.079442
-2.302585
-1.609438
-4.672829
-3.465736
-3.496508
-3.091042
-3.555348
-3.044522
-3.258097
-1.945910
-2.484907
-2.833213
-2.772589
-2.833213
-2.302585
-1.945910
-1.945910
-2.397895
-1.791759
-1.945910
-2.302585
-0.693147
-4.543295
-3.496508
-3.332205
-3.218876
-3.465736
-3.178054
-2.944439
-2.833213
-2.833213
-2.397895
-2.833213
-2.302585
-2.197225
-2.302585
-2.484907
-2.079442
-2.397895
-2.197225
-1.791759
-2.197225
-4.418841
-3.332205
-3.135494
-2.890372
-3.295837
-2.995732
-3.332205
-2.833213
-2.708050
-2.484907
-2.564949
-2.079442
-2.890372
-1.386294
-2.397895
-2.197225
-1.791759
-1.609438
-1.098612
-1.609438
-4.343805
-2.833213
-3.367296
-3.332205
-2.772589
-2.708050
-2.708050
-2.639057
-2.639057
-2.079442
-2.302585
-2.302585
-2.397895
-1.098612
-2.079442
-1.945910
-1.609438
-1.945910
0.000000
-1.098612
-4.234107
-3.178054
-3.044522
-2.944439
-2.484907
-2.833213
-2.564949
-2.772589
-2.564949
-2.639057
-1.791759
-2.302585
-1.609438
-0.693147
-2.197225
-1.098612
-1.791759
0.000000
-1.791759
-1.791759
-4.248495
-3.135494
-2.995732
-3.091042
-2.397895
-2.708050
-3.091042
-2.833213
-2.772589
-2.564949
-1.609438
-2.484907
-2.197225
-2.197225
-1.609438
-2.397895
-1.791759
-2.079442
-1.945910
-0.693147
-4.060443
-3.258097
-3.091042
-2.833213
-2.484907
-2.302585
-2.772589
-2.197225
-2.079442
-1.791759
-1.386294
-1.945910
-2.079442
-2.079442
-0.693147
-1.386294
-1.945910
-0.693147
-1.098612
-0.693147
-3.806662
-2.708050
-2.708050
-2.302585
-2.639057
-2.639057
-1.945910
-2.484907
-2.397895
-2.079442
-1.609438
-1.609438
-1.386294
-1.098612
-1.609438
-1.098612
-1.386294
-1.386294
-1.386294
-1.098612
-3.912023
-2.564949
-2.302585
-2.197225
-2.484907
-1.609438
-2.197225
-2.397895
-2.302585
-1.098612
-1.609438
-1.098612
-1.791759
0.000000
-1.609438
-1.386294
-1.098612
-1.609438
-0.693147
-1.098612
-3.784190
-2.833213
-2.772589
-2.833213
-2.639057
-2.197225
-2.708050
-2.302585
-1.945910
-1.791759
-2.302585
-1.386294
-1.945910
-1.945910
-1.098612
-0.693147
-0.693147
-1.386294
-0.693147
1
-3.555348
-2.944439
-3.044522
-1.791759
-2.397895
-2.079442
-2.302585
-1.945910
-2.302585
-2.302585
-1.791759
-1.609438
-1.098612
-1.791759
-1.386294
-0.693147
-0.693147
1
-1.098612
-0.693147
-3.784190
-2.944439
-2.079442
-2.197225
-2.302585
-2.484907
-2.079442
-1.386294
-2.302585
-1.098612
-2.397895
-1.098612
-1.098612
-1.098612
-1.609438
-1.609438
0.000000
-1.098612
0.000000
-1.386294
