10 10 20 20
1
1
1
1
1
1
1
1
1
1
1
1
1
1
1
1
1
1
1
1
1
1
1
1
1
1
1
1
1
1
1
1
1
1
1
1
1
1
1
1
1
1
1
1
1
1
1
1
1
1
1
1
1
1
1
1
1
1
1
1
1
1
1
1
1
1
1
1
1
1
1
1
1
1
1
1
1
1
1
1
1
1
1
1
1
1
1
1
1
0.000000
1
1
0.000000
1
1
1
1
1
1
1
1
1
1
1
1
1
1
-1.098612
-1.945910
-1.945910
-1.945910
-2.302585
-1.791759
1
1
1
1
1
1
1
1
1
1
1
1
1
0.000000
-2.302585
-3.135494
-3.931826
-3.850148
-3.526361
-1.791759
-0.693147
1
1
1
1
1
1
1
1
1
1
1
-0.693147
-2.397895
-3.951244
-4.744932
-5.135798
-5.075174
-4.691348
-3.871201
-2.484907
-1.386294
-0.693147
1
1
1
1
1
1
1
1
1
-1.791759
-3.295837
-4.663439
-5.505332
-5.968708
-6.042633
-5.572154
-4.820282
-3.295837
-2.079442
1
1
1
1
1
1
1
1
1
-1.098612
-2.302585
-3.912023
-5.062595
-6.003887
-6.410175
-6.486161
-6.001415
-5.176150
-3.970292
-1.791759
0.000000
1
1
1
1
1
1
1
1
0.000000
-2.079442
-3.891820
-5.062595
-6.054439
-6.424869
-6.378426
-6.018593
-5.117994
-4.007333
-2.197225
1
1
1
1
1
1
1
1
1
0.000000
-1.945910
-3.332205
-4.736198
-5.620401
-5.963579
-5.937536
-5.541264
-4.682131
-3.401197
-1.386294
1
1
1
1
1
1
1
1
1
1
1
-2.397895
-3.850148
-4.691348
-5.030438
-5.105945
-4.804021
-3.784190
-2.833213
0.000000
1
1
1
1
1
1
1
1
1
1
-0.693147
-0.693147
-1.945910
-3.295837
-3.637586
-3.784190
-3.091042
-2.639057
-1.098612
1
1
1
1
1
1
1
1
1
1
1
1
-0.693147
-1.098612
-1.609438
-2.302585
-1.386294
-2.197225
1
1
1
1
1
1
1
1
1
1
1
1
1
1
1
1
0.000000
-0.693147
-0.693147
0.000000
1
1
1
1
1
1
1
1
1
1
1
1
1
1
1
1
1
1
1
1
0.000000
1
1
1
1
1
1
1
1
1
1
1
1
1
1
1
1
1
1
1
1
1
1
1
1
1
1
1
1
1
1
1
1
1
1
1
1
1
1
1
1
1
1
1
1
1
1
1
1
1
1
1
1
1
1
1
1
1
1
1
1
1
1
1
1
1
1
1
