10 10 20 20
1
1
1
1
1
1
1
1
1
1
1
1
1
1
1
1
1
1
1
1
1
1
1
1
1
1
1
1
1
1
1
1
1
1
1
1
1
1
1
1
1
1
1
1
1
1
1
1
1
1
1
1
1
1
1
1
1
1
1
1
1
1
1
1
1
1
1
1
1
1
1
1
1
1
1
1
1
1
1
1
1
1
1
1
1
1
1
1
1
1
0.000000
1
0.000000
1
1
1
1
1
1
1
1
1
1
1
1
0.000000
0.000000
1
-2.397895
-1.945910
-1.791759
-2.079442
-1.609438
1
1
1
1
1
1
1
1
1
1
1
1
1
-1.609438
-2.833213
-3.258097
-3.828641
-3.610918
-3.178054
-2.197225
-1.609438
-0.693147
1
1
1
1
1
1
1
1
1
1
0.000000
-2.995732
-3.891820
-4.787492
-5.017280
-5.147494
-4.634729
-4.174387
-2.772589
-1.098612
0.000000
1
1
1
1
1
1
1
1
1
-1.098612
-3.332205
-4.663439
-5.575949
-6.001415
-6.047372
-5.451038
-4.634729
-3.332205
-2.079442
1
1
1
1
1
1
1
1
1
1
-2.197225
-3.850148
-5.075174
-5.968708
-6.429719
-6.395262
-5.883322
-5.129899
-3.761200
-1.386294
1
1
1
1
1
1
1
1
1
1
-0.693147
-3.688879
-5.081404
-6.035481
-6.419995
-6.464588
-5.924256
-5.198497
-4.094345
-2.197225
0.000000
0.000000
1
1
1
1
1
1
1
1
-1.609438
-3.332205
-4.682131
-5.509388
-5.991465
-6.075346
-5.602119
-4.770685
-3.637586
-1.098612
0.000000
1
1
1
1
1
1
1
1
1
-1.098612
-2.890372
-3.951244
-4.770685
-5.056246
-5.099866
-4.709530
-3.737670
-2.708050
-0.693147
1
1
1
1
1
1
1
1
1
1
1
-0.693147
-2.564949
-3.526361
-3.931826
-3.988984
-3.637586
-2.639057
-1.098612
0.000000
1
1
1
1
1
1
1
1
1
1
0.000000
1
-0.693147
-1.386294
-2.197225
-1.791759
-1.791759
-1.098612
1
1
1
1
1
1
1
1
1
1
1
1
1
1
1
0.000000
0.000000
-0.693147
0.000000
1
1
1
1
1
1
1
1
1
1
1
1
1
1
1
1
1
1
1
1
0.000000
1
1
1
1
1
1
1
1
1
1
1
1
1
1
1
1
1
1
1
1
1
1
1
1
1
1
1
1
1
1
1
1
1
1
1
1
1
1
1
1
1
1
1
1
1
1
1
1
1
1
1
1
1
1
1
1
1
1
1
1
1
1
1
1
1
1
1
