10 10 20 20
1
1
1
1
1
1
1
1
1
1
1
1
1
1
1
1
1
1
1
1
1
1
1
1
1
1
1
1
1
1
1
1
1
1
1
1
1
1
1
1
1
1
1
1
1
1
1
1
1
1
1
1
1
1
1
1
1
1
1
1
1
1
1
1
1
1
1
1
1
1
0.000000
1
1
1
1
1
1
1
1
1
1
1
1
1
1
1
1
1
0.000000
1
-0.693147
-0.693147
1
1
1
1
1
1
1
1
1
1
1
1
0.000000
1
-0.693147
-1.386294
-1.791759
-1.945910
-2.079442
-1.098612
-1.386294
1
1
1
1
1
1
1
1
1
1
1
1
-0.693147
-1.945910
-2.708050
-3.295837
-3.891820
-3.931826
-3.610918
-2.302585
-0.693147
0.000000
1
1
1
1
1
1
1
1
1
1
-0.693147
-2.079442
-3.737670
-4.770685
-5.241747
-5.220356
-4.682131
-3.688879
-2.302585
-1.386294
1
1
1
1
1
1
1
1
1
1
-0.693147
-3.135494
-4.836282
-5.605802
-6.037871
-6.028279
-5.446737
-4.736198
-3.401197
0.000000
1
1
1
1
1
1
1
1
1
1
-2.197225
-3.806662
-5.220356
-6.018593
-6.383507
-6.408529
-5.976351
-5.198497
-3.828641
-1.945910
1
1
1
1
1
1
1
1
1
1
-2.302585
-3.610918
-5.105945
-6.035481
-6.401917
-6.421622
-5.991465
-5.192957
-3.663562
-2.079442
0.000000
1
1
1
1
1
1
1
1
0.000000
-1.791759
-3.583519
-4.615121
-5.488938
-6.003887
-5.958425
-5.384495
-4.663439
-3.465736
-1.609438
1
1
1
1
1
1
1
1
1
1
-0.693147
-2.197225
-3.688879
-4.890349
-5.214936
-5.129899
-4.615121
-4.043051
-2.484907
-0.693147
1
1
1
1
1
1
1
1
1
1
0.000000
-1.791759
-2.397895
-3.332205
-3.891820
-3.970292
-3.555348
-2.484907
-0.693147
0.000000
1
1
1
1
1
1
1
1
1
1
1
1
-0.693147
-0.693147
-1.791759
-1.791759
1
0.000000
1
1
1
1
1
1
1
1
1
1
1
1
1
1
1
1
0.000000
0.000000
1
1
1
1
1
1
1
1
1
1
1
1
1
1
1
1
1
1
1
1
1
1
1
1
1
1
1
1
1
1
1
1
1
1
1
1
1
1
1
1
1
1
1
1
1
1
1
1
1
1
1
1
1
1
1
1
1
1
1
1
1
1
1
1
1
1
1
1
1
1
1
1
1
1
1
1
1
1
1
1
1
1
1
1
1
1
1
1
1
