10 10 20 20
-4.276666
-4.204693
-4.189655
-4.025352
-3.891820
-3.988984
-3.988984
-3.688879
-3.761200
-3.784190
-3.555348
-3.367296
-3.401197
-3.218876
-3.178054
-2.397895
-3.135494
-2.708050
-2.890372
-2.079442
-5.313206
-4.454347
-4.394449
-4.248495
-4.158883
-3.784190
-3.784190
-3.850148
-3.637586
-3.496508
-3.433987
-2.890372
-3.465736
-3.295837
-3.044522
-2.639057
-2.639057
-2.302585
-2.833213
-2.302585
-5.164786
-4.304065
-3.828641
-4.025352
-4.025352
-3.761200
-3.891820
-3.713572
-3.178054
-3.828641
-3.258097
-3.496508
-3.258097
-2.995732
-2.890372
-2.944439
-2.772589
-2.197225
-2.397895
-2.302585
-5.159055
-4.174387
-4.158883
-3.761200
-3.871201
-3.688879
-3.737670
-3.433987
-3.713572
-3.295837
-3.258097
-2.484907
-3.178054
-3.465736
-2.397895
-2.995732
-2.708050
-2.708050
-2.397895
-1.791759
-5.068904
-3.970292
-4.025352
-3.496508
-3.688879
-3.496508
-3.555348
-3.663562
-3.433987
-3.332205
-2.484907
-2.564949
-3.044522
-2.397895
-3.091042
-2.833213
-2.639057
-2.397895
-2.079442
-2.484907
-4.867534
-3.912023
-3.663562
-3.688879
-3.784190
-3.784190
-3.465736
-3.295837
-2.772589
-3.401197
-2.944439
-2.833213
-2.772589
-2.890372
-2.833213
-2.639057
-2.564949
-2.079442
-2.564949
-2.197225
-4.859812
-3.737670
-3.332205
-3.433987
-3.295837
-2.944439
-3.433987
-3.218876
-2.995732
-2.772589
-2.302585
-2.772589
-2.995732
-2.944439
-2.833213
-1.945910
-2.639057
-2.302585
-1.609438
-2.079442
-4.919981
-3.891820
-3.332205
-3.637586
-3.401197
-3.332205
-3.465736
-3.178054
-2.890372
-2.484907
-2.944439
-2.397895
-2.397895
-2.564949
-2.708050
-2.079442
-1.098612
-2.397895
-2.302585
-1.945910
-4.510860
-3.806662
-3.465736
-3.332205
-3.367296
-2.708050
-3.135494
-2.639057
-2.890372
-2.944439
-2.397895
-3.091042
-2.772589
-2.484907
-2.302585
-2.302585
-2.197225
-2.079442
-1.609438
-1.791759
-4.804021
-3.555348
-3.433987
-3.465736
-3.091042
-2.995732
-3.091042
-3.135494
-2.833213
-3.091042
-2.197225
-2.079442
-2.302585
-2.397895
-2.302585
-2.079442
-2.079442
-2.197225
-1.609438
-0.693147
-4.304065
-2.995732
-3.332205
-3.465736
-3.433987
-3.258097
-2.772589
-2.564949
-2.639057
-2.197225
-2.484907
-2.079442
-2.079442
-2.079442
-2.302585
-1.791759
-1.791759
-2.639057
-1.098612
-1.098612
-4.219508
-3.367296
-2.772589
-3.091042
-2.708050
-2.397895
-2.890372
-2.397895
-2.397895
-2.397895
-2.397895
-2.484907
-2.079442
-1.386294
-1.791759
-2.197225
-1.609438
-2.079442
-2.079442
0.000000
-4.219508
-3.555348
-2.772589
-2.890372
-3.258097
-2.639057
-2.995732
-2.397895
-2.944439
-2.833213
-2.397895
-2.639057
-2.079442
-1.945910
-1.945910
-2.079442
-2.302585
-1.098612
-1.098612
-1.386294
-3.970292
-3.401197
-3.135494
-3.091042
-3.091042
-2.484907
-2.302585
-2.197225
-2.302585
-2.079442
-2.397895
-2.302585
-1.945910
-1.386294
-1.945910
-2.197225
-1.098612
-1.945910
-1.609438
-1.386294
-3.761200
-3.044522
-2.708050
-2.772589
-2.833213
-2.708050
-2.564949
-2.639057
-2.197225
-2.197225
-2.079442
-2.197225
-1.945910
-1.945910
-1.609438
-1.386294
-1.609438
-1.609438
-1.098612
-1.386294
-4.094345
-2.890372
-2.944439
-2.890372
-2.197225
-2.484907
-2.564949
-1.945910
-2.197225
-2.397895
-1.945910
-1.386294
-1.791759
-1.386294
-1.791759
-1.098612
-1.945910
-0.693147
-1.609438
-1.098612
-4.043051
-2.484907
-2.833213
-2.564949
-2.079442
-2.397895
-2.397895
-2.484907
-2.772589
-2.484907
-1.386294
-1.609438
-1.098612
-1.945910
-2.302585
-1.609438
0.000000
-1.386294
-1.098612
-1.386294
-3.610918
-2.564949
-2.564949
-2.564949
-2.639057
-2.639057
-2.197225
-1.791759
-2.397895
-2.397895
-1.945910
-0.693147
-1.609438
-1.945910
-0.693147
-1.386294
1
-1.386294
-1.098612
-0.693147
-3.496508
-2.833213
-2.197225
-2.564949
-1.945910
-2.197225
-2.397895
-1.945910
-2.197225
-1.609438
-1.945910
-1.609438
-1.791759
-0.693147
-1.098612
1
-1.386294
0.000000
-0.693147
-1.386294
-3.784190
-2.564949
-2.197225
-2.708050
-1.791759
-1.945910
-1.945910
-2.079442
-1.791759
-0.693147
-1.609438
-1.098612
-1.098612
0.000000
-1.791759
-0.693147
-1.386294
-1.609438
-0.693147
-1.386294
