10 10 20 20
1
1
1
1
1
1
1
1
1
1
1
1
1
1
1
1
1
1
1
1
1
1
1
1
1
1
1
1
1
1
1
1
1
1
1
1
1
1
1
1
1
1
1
1
1
1
1
1
1
1
1
1
1
1
1
1
1
1
1
1
1
1
1
1
1
1
1
1
1
1
1
1
1
1
1
1
1
1
1
1
1
1
1
1
1
1
1
1
-0.693147
-0.693147
-0.693147
1
1
1
1
1
1
1
1
1
1
1
1
1
1
1
1
0.000000
-2.302585
-1.098612
-1.791759
-0.693147
-0.693147
0.000000
1
1
1
1
1
1
1
1
1
1
1
0.000000
-2.197225
-2.079442
-3.367296
-3.850148
-3.912023
-3.218876
-2.944439
-1.791759
0.000000
1
1
1
1
1
1
1
1
1
1
-1.098612
-2.397895
-3.555348
-4.574711
-5.187386
-5.153292
-4.736198
-3.850148
-2.397895
0.000000
0.000000
1
1
1
1
1
1
1
1
0.000000
-2.079442
-3.496508
-4.718499
-5.598422
-5.948035
-6.028279
-5.537334
-4.727388
-2.708050
-2.079442
1
1
1
1
1
1
1
1
1
1
-2.197225
-4.127134
-5.099866
-5.913503
-6.463029
-6.342121
-6.011267
-5.153292
-3.135494
-1.609438
1
1
1
1
1
1
1
1
1
0.000000
-1.945910
-3.912023
-5.278115
-6.033086
-6.437752
-6.448889
-5.934894
-5.236442
-3.610918
-1.945910
0.000000
1
1
1
1
1
1
1
1
1
-1.609438
-3.465736
-4.605170
-5.545177
-5.993961
-5.983936
-5.529429
-4.653960
-3.583519
-1.098612
0.000000
0.000000
1
1
1
1
1
1
1
1
1
-2.639057
-3.610918
-4.882802
-5.093750
-5.164786
-4.672829
-3.784190
-2.708050
0.000000
1
1
1
1
1
1
1
1
1
1
0.000000
-1.791759
-2.833213
-3.367296
-3.970292
-3.806662
-3.663562
-2.484907
-1.609438
-0.693147
0.000000
1
1
1
1
1
1
1
1
1
1
1
-0.693147
-1.098612
-2.564949
-2.302585
-1.945910
-0.693147
1
1
1
1
1
1
1
1
1
1
1
1
1
1
1
1
0.000000
0.000000
0.000000
1
0.000000
1
1
1
1
1
1
1
1
1
1
1
1
1
1
1
1
1
1
1
1
1
1
1
1
1
1
1
1
1
1
1
1
1
1
1
1
1
1
1
1
1
1
1
1
1
1
1
1
1
1
1
1
1
1
1
1
1
1
1
1
1
1
1
1
1
1
1
1
1
1
1
1
1
1
1
1
1
1
1
1
1
1
1
1
1
1
