10 10 20 20
1
1
1
1
1
1
1
1
1
1
1
1
1
1
1
1
1
1
1
1
1
1
1
1
1
1
1
1
1
1
1
1
1
1
1
1
1
1
1
1
1
1
1
1
1
1
1
1
1
1
1
1
1
1
1
1
1
1
1
1
1
1
1
1
1
1
1
1
1
0.000000
1
1
1
1
1
1
1
1
1
1
1
1
1
1
1
1
1
1
0.000000
0.000000
-0.693147
0.000000
1
1
1
1
1
1
1
1
1
1
1
1
1
0.000000
1
0.000000
-2.197225
-2.197225
-1.945910
-1.791759
-0.693147
0.000000
1
1
1
1
1
1
1
1
1
1
0.000000
0.000000
-1.609438
-2.484907
-3.401197
-3.850148
-3.970292
-3.401197
-2.772589
-1.098612
-0.693147
1
1
1
1
1
1
1
1
1
1
1
-2.397895
-3.806662
-4.709530
-5.093750
-5.093750
-4.584967
-3.871201
-2.708050
-1.098612
1
1
1
1
1
1
1
1
1
0.000000
-2.079442
-3.295837
-4.820282
-5.545177
-5.958425
-5.942799
-5.480639
-4.700480
-3.332205
-2.079442
-0.693147
1
1
1
1
1
1
1
1
1
-1.791759
-3.970292
-5.049856
-6.049733
-6.442540
-6.373320
-6.042633
-5.111988
-3.951244
-2.397895
1
1
1
1
1
1
1
1
1
0.000000
-1.791759
-3.637586
-5.117994
-6.028279
-6.431331
-6.428105
-5.998937
-5.164786
-3.912023
-2.079442
1
1
1
1
1
1
1
1
1
0.000000
-2.079442
-3.401197
-4.736198
-5.564520
-5.950643
-5.988961
-5.455321
-4.875197
-3.496508
-1.098612
1
0.000000
1
1
1
1
1
1
1
1
-1.098612
-2.079442
-3.806662
-4.727388
-5.087596
-5.192957
-4.736198
-3.988984
-2.564949
0.000000
0.000000
1
1
1
1
1
1
1
1
0.000000
1
-1.098612
-2.197225
-3.332205
-3.637586
-3.784190
-3.496508
-2.772589
-1.098612
-1.609438
1
1
1
1
1
1
1
1
1
1
0.000000
1
-0.693147
-1.609438
-2.302585
-2.397895
-2.639057
-1.098612
-0.693147
1
1
1
1
1
1
1
1
1
1
1
1
1
0.000000
0.000000
1
1
1
1
1
1
1
1
1
1
1
1
1
1
1
1
1
1
1
1
1
1
1
1
1
1
1
1
1
1
1
1
1
1
1
1
1
1
1
1
1
1
1
1
1
1
1
1
1
1
1
1
1
1
1
1
1
1
1
1
1
1
1
1
1
1
1
1
1
1
1
1
1
1
1
1
1
1
1
1
1
1
1
1
1
1
1
1
1
1
1
