10 10 20 20
1
1
1
1
1
1
1
1
1
1
1
1
1
1
1
1
1
1
1
1
1
1
1
1
1
1
1
1
1
1
1
1
1
1
1
1
1
1
1
1
1
1
1
1
1
1
1
1
1
1
1
1
1
1
1
1
1
1
1
1
1
1
1
1
1
1
1
1
1
1
1
1
1
1
1
1
1
1
1
1
1
1
1
1
1
1
1
1
1
-1.386294
1
0.000000
0.000000
1
1
1
1
1
1
1
1
1
1
1
1
1
1
-1.386294
-2.397895
-2.639057
-2.079442
0.000000
-0.693147
0.000000
1
1
1
1
1
1
1
1
1
1
1
1
-1.098612
-2.197225
-3.583519
-3.931826
-4.007333
-3.496508
-2.995732
-1.386294
-1.098612
1
1
1
1
1
1
1
1
1
0.000000
-0.693147
-2.197225
-3.850148
-4.875197
-5.075174
-5.129899
-4.795791
-3.806662
-2.484907
0.000000
1
1
1
1
1
1
1
1
1
1
-1.609438
-3.583519
-4.672829
-5.488938
-6.066108
-5.988961
-5.594711
-4.709530
-3.367296
-1.791759
0.000000
1
1
1
1
1
1
1
1
-0.693147
-2.302585
-3.663562
-5.147494
-5.993961
-6.368187
-6.373320
-5.966147
-5.204007
-3.828641
-2.564949
1
0.000000
1
1
1
1
1
1
1
-1.098612
-2.302585
-3.912023
-5.209486
-6.011267
-6.431331
-6.408529
-5.991465
-5.062595
-3.761200
-2.079442
1
0.000000
1
1
1
1
1
1
1
1
-1.945910
-3.367296
-4.779123
-5.541264
-5.942799
-5.926926
-5.549076
-4.804021
-3.433987
-1.945910
1
1
1
1
1
1
1
1
1
1
-0.693147
-2.708050
-3.912023
-4.682131
-5.075174
-5.187386
-4.564348
-3.871201
-2.564949
-1.098612
1
1
1
1
1
1
1
1
1
1
0.000000
-1.945910
-2.197225
-3.258097
-4.127134
-3.806662
-3.401197
-2.708050
1
0.000000
1
1
1
1
1
1
1
1
1
1
1
-0.693147
-0.693147
-1.791759
-2.079442
-1.609438
-1.609438
-0.693147
1
1
1
1
1
1
1
1
1
1
1
1
1
1
1
0.000000
-0.693147
0.000000
0.000000
1
1
1
1
1
1
1
1
1
1
1
1
1
1
1
1
1
1
1
1
1
1
1
1
1
1
1
1
1
1
1
1
1
1
1
1
1
1
1
1
1
1
1
1
1
1
1
1
1
1
1
1
1
1
1
1
1
1
1
1
1
1
1
1
1
1
1
1
1
1
1
1
1
1
1
1
1
1
1
1
1
1
1
1
1
1
1
1
