10 10 20 20
1
1
1
1
1
1
1
1
1
1
1
1
1
1
1
1
1
1
1
1
1
1
1
1
1
1
1
1
1
1
1
1
1
1
1
1
1
1
1
1
1
1
1
1
1
1
1
1
1
1
1
1
1
1
1
1
1
1
1
1
1
1
1
1
1
1
1
1
1
1
1
1
1
1
1
1
1
1
1
1
1
1
1
1
1
1
0.000000
0.000000
0.000000
0.000000
0.000000
1
1
1
1
1
1
1
1
1
1
1
1
1
1
1
0.000000
-1.386294
-1.386294
-1.945910
-1.945910
-2.079442
0.000000
0.000000
0.000000
1
1
1
1
1
1
1
1
1
1
1
0.000000
-2.772589
-3.737670
-4.110874
-3.637586
-3.044522
-3.044522
-1.386294
1
1
1
1
1
1
1
1
1
1
1
-1.098612
-2.484907
-3.737670
-4.634729
-5.111988
-5.170484
-4.983607
-3.912023
-2.564949
-1.098612
1
1
1
1
1
1
1
1
1
1
-1.791759
-3.401197
-4.753590
-5.609472
-6.079933
-5.924256
-5.541264
-4.672829
-3.465736
-1.386294
-0.693147
1
1
1
1
1
1
1
1
-0.693147
-2.397895
-3.688879
-5.257495
-5.983936
-6.373320
-6.461468
-5.908083
-5.187386
-3.610918
-2.197225
-1.098612
0.000000
1
1
1
1
1
1
1
1
-2.397895
-3.828641
-5.023881
-5.948035
-6.356108
-6.434547
-6.001415
-5.170484
-3.970292
-2.197225
1
1
1
1
1
1
1
1
1
1
-2.079442
-3.784190
-4.795791
-5.587249
-5.953243
-5.993961
-5.517453
-4.700480
-3.663562
-1.945910
0.000000
1
1
1
1
1
1
1
1
1
-0.693147
-2.397895
-3.637586
-4.718499
-5.181784
-5.129899
-4.584967
-3.931826
-1.945910
0.000000
1
1
1
1
1
1
1
1
1
1
1
0.000000
-2.197225
-3.332205
-3.737670
-3.970292
-3.401197
-2.079442
-1.098612
0.000000
1
1
1
1
1
1
1
1
1
1
1
1
-0.693147
-1.791759
-2.079442
-1.609438
-1.945910
0.000000
1
1
1
1
1
1
1
1
1
1
1
1
1
0.000000
0.000000
0.000000
-1.098612
1
1
1
1
1
1
1
1
1
1
1
1
1
1
1
1
1
1
1
1
1
1
1
1
1
1
1
1
1
1
1
1
1
1
1
1
1
1
1
1
1
1
1
1
1
1
1
1
1
1
1
1
1
1
1
1
1
1
1
1
1
1
1
1
1
1
1
1
1
1
1
1
1
1
1
1
1
1
1
1
1
1
1
1
1
1
1
1
1
1
