10 10 20 20
1
1
1
1
1
1
1
1
1
1
1
1
1
1
1
1
1
1
1
1
1
1
1
1
1
1
1
1
1
1
1
1
1
1
1
1
1
1
1
1
1
1
1
1
1
1
1
1
1
1
1
1
1
1
1
1
1
1
1
1
1
1
1
1
1
1
1
1
1
1
1
1
1
1
1
1
1
1
1
1
1
1
1
1
1
1
1
1
1
1
1
1
1
1
1
1
1
1
1
1
1
1
1
1
1
1
1
1
1
1
1
1
1
1
1
1
1
1
1
1
1
1
1
1
1
1
1
1
1
1
1
1
1
1
1
1
1
1
1
1
1
1
1
1
1
1
1
1
1
0.000000
-0.693147
-1.609438
-1.609438
-0.693147
-0.693147
1
0.000000
1
1
1
1
1
1
1
1
1
1
0.000000
-0.693147
-1.386294
-2.197225
-2.639057
-3.044522
-2.890372
-1.945910
-0.693147
0.000000
1
1
1
1
1
1
1
1
1
1
1
-1.609438
-2.772589
-3.496508
-4.317488
-4.762174
-4.382027
-3.713572
-2.833213
-0.693147
1
1
1
1
1
1
1
1
1
1
1
-2.302585
-3.806662
-4.852030
-5.529429
-5.717028
-5.433722
-4.634729
-3.555348
-2.708050
-0.693147
1
1
1
1
1
1
1
1
0.000000
-0.693147
-2.995732
-4.369448
-5.513429
-6.118097
-6.295266
-6.089045
-5.347108
-4.394449
-2.833213
-1.386294
-1.098612
1
1
1
1
1
1
1
1
-0.693147
-3.135494
-4.736198
-5.673323
-6.331502
-6.533789
-6.342121
-5.627621
-4.615121
-2.995732
-1.386294
1
1
1
1
1
1
1
1
1
-1.098612
-3.044522
-4.406719
-5.521461
-6.003887
-6.302619
-6.098074
-5.541264
-4.356709
-2.833213
0.000000
1
1
1
1
1
1
1
1
1
-0.693147
-1.945910
-3.688879
-4.762174
-5.370638
-5.697093
-5.420535
-4.787492
-3.526361
-2.484907
0.000000
1
1
1
1
1
1
1
1
1
1
0.000000
-2.564949
-3.931826
-4.406719
-4.574711
-4.406719
-3.737670
-2.564949
-1.098612
1
1
1
1
1
1
1
1
1
1
1
-0.693147
-1.098612
-2.708050
-2.708050
-2.302585
-2.484907
-2.484907
1
0.000000
1
1
1
1
1
1
1
1
1
1
1
1
0.000000
0.000000
-1.386294
-1.098612
-0.693147
0.000000
1
1
1
1
1
1
1
1
1
1
1
1
1
1
1
1
1
1
1
1
1
1
1
1
1
1
1
1
1
1
1
1
1
1
1
1
1
1
1
1
1
1
1
1
1
