10 10 20 20
-4.488636
-4.488636
-4.219508
-4.317488
-4.043051
-3.871201
-3.610918
-3.784190
-3.806662
-3.610918
-3.332205
-3.465736
-3.135494
-3.258097
-3.218876
-3.135494
-3.135494
-2.772589
-2.639057
-2.079442
-5.384495
-4.290459
-4.219508
-4.043051
-4.060443
-3.988984
-3.784190
-3.465736
-3.367296
-3.044522
-3.258097
-3.496508
-3.218876
-3.178054
-2.772589
-2.890372
-2.890372
-2.197225
-2.484907
-2.772589
-5.342334
-4.174387
-4.219508
-4.174387
-3.737670
-3.912023
-3.526361
-3.555348
-3.465736
-3.526361
-3.178054
-3.583519
-2.397895
-3.135494
-2.995732
-2.890372
-2.397895
-2.484907
-2.639057
-2.197225
-5.141664
-4.127134
-4.077537
-3.688879
-3.637586
-3.663562
-3.688879
-3.332205
-3.713572
-3.401197
-3.218876
-2.708050
-2.944439
-3.218876
-2.484907
-2.484907
-2.833213
-2.639057
-2.397895
-1.945910
-5.043425
-4.007333
-3.713572
-3.737670
-3.637586
-3.496508
-3.688879
-3.295837
-3.526361
-3.433987
-2.944439
-2.708050
-3.135494
-2.944439
-2.772589
-2.708050
-2.639057
-2.772589
-2.302585
-2.564949
-5.081404
-3.761200
-3.737670
-3.761200
-3.465736
-3.663562
-2.995732
-3.332205
-3.178054
-2.890372
-3.295837
-2.944439
-2.995732
-2.484907
-2.302585
-2.772589
-2.302585
-1.609438
-1.791759
-2.397895
-4.812184
-3.970292
-3.610918
-3.218876
-3.465736
-2.995732
-3.367296
-3.401197
-3.332205
-3.218876
-2.564949
-2.397895
-2.772589
-2.639057
-1.791759
-2.639057
-1.609438
-2.397895
-1.098612
-1.791759
-4.736198
-3.367296
-3.401197
-3.526361
-3.044522
-2.890372
-2.890372
-3.135494
-2.772589
-2.995732
-2.772589
-2.639057
-2.833213
-2.890372
-2.639057
-1.945910
-1.609438
-1.609438
-2.197225
-1.945910
-4.779123
-3.806662
-3.871201
-3.610918
-2.833213
-3.218876
-3.258097
-2.944439
-3.091042
-2.890372
-2.639057
-2.564949
-2.564949
-2.079442
-2.708050
-1.791759
-2.639057
-2.197225
-2.079442
-1.386294
-4.624973
-3.465736
-3.433987
-3.496508
-3.401197
-2.772589
-2.944439
-3.178054
-2.772589
-2.890372
-2.833213
-2.708050
-2.564949
-2.397895
-1.791759
-1.386294
-1.609438
-1.945910
-1.098612
-1.609438
-4.634729
-3.295837
-3.295837
-3.218876
-3.135494
-3.044522
-2.944439
-2.944439
-2.772589
-2.197225
-2.197225
-2.397895
-2.397895
-2.079442
-1.945910
-2.079442
-2.564949
-1.945910
-1.609438
-1.945910
-4.430817
-3.135494
-3.295837
-3.135494
-3.135494
-3.091042
-2.639057
-2.302585
-2.833213
-2.397895
-2.079442
-1.386294
-1.609438
-2.484907
-1.386294
-2.639057
-1.609438
-1.791759
-1.098612
-1.386294
-4.442651
-2.833213
-3.091042
-2.890372
-3.178054
-2.833213
-2.302585
-1.791759
-2.708050
-2.708050
-2.079442
-2.197225
-1.098612
-1.945910
-2.079442
-2.197225
-2.302585
-1.098612
-1.609438
-2.197225
-4.094345
-3.218876
-2.639057
-2.995732
-2.833213
-2.772589
-2.197225
-2.772589
-2.484907
-2.079442
-2.079442
-1.945910
-1.791759
-1.609438
-1.386294
-1.945910
1
0.000000
-1.098612
-1.098612
-4.007333
-3.258097
-3.044522
-2.772589
-2.890372
-2.197225
-2.833213
-2.484907
-2.302585
-2.397895
-2.302585
-2.197225
-1.945910
-1.791759
-1.386294
-2.079442
-1.791759
-1.386294
-1.098612
-1.609438
-3.931826
-3.218876
-2.772589
-2.944439
-2.564949
-2.833213
-1.945910
-2.079442
-2.484907
-2.197225
-1.791759
-1.609438
-2.079442
-1.098612
-1.791759
0.000000
-0.693147
-0.693147
-1.386294
-0.693147
-3.850148
-2.564949
-2.995732
-2.772589
-2.944439
-1.791759
-2.833213
-1.791759
-2.564949
-1.386294
-1.609438
-1.386294
-2.079442
-2.197225
-1.609438
-1.098612
-1.386294
0.000000
-0.693147
-2.079442
-3.970292
-2.639057
-2.833213
-2.302585
-2.708050
-2.197225
-1.791759
-1.791759
-2.197225
-1.609438
-1.791759
-2.302585
-1.098612
-1.945910
-1.609438
-1.609438
-1.386294
0.000000
-1.609438
0.000000
-3.891820
-2.484907
-2.564949
-2.397895
-2.079442
-2.484907
-2.397895
-1.609438
-2.079442
-2.079442
-1.791759
-1.386294
-2.079442
-1.791759
-1.098612
-1.098612
0.000000
-0.693147
-2.079442
0.000000
-3.583519
-2.639057
-2.197225
-2.484907
-2.564949
-2.197225
-1.791759
-1.791759
-2.397895
-1.609438
-1.945910
-1.098612
-1.098612
-1.098612
-1.791759
-1.609438
1
-0.693147
-1.386294
-0.693147
