10 10 20 20
1
1
1
1
1
1
1
1
1
1
1
1
1
1
1
1
1
1
1
1
1
1
1
1
1
1
1
1
1
1
1
1
1
1
1
1
1
1
1
1
1
1
1
1
1
1
1
1
1
1
1
1
1
1
1
1
1
1
1
1
1
1
1
1
1
1
1
1
0.000000
1
1
1
1
1
1
1
1
1
1
1
1
1
1
1
1
1
1
1
1
-0.693147
1
1
1
1
1
1
1
1
1
1
1
1
1
1
1
1
0.000000
-0.693147
-1.098612
-2.197225
-1.609438
-2.197225
-0.693147
1
1
0.000000
1
1
1
1
1
1
1
1
1
1
-1.386294
-2.564949
-3.526361
-3.806662
-3.637586
-3.367296
-1.945910
-1.791759
1
1
1
1
1
1
1
1
1
1
1
0.000000
-2.639057
-3.912023
-4.682131
-5.105945
-5.241747
-4.804021
-3.401197
-2.564949
-0.693147
1
1
1
1
1
1
1
1
1
1
-0.693147
-3.332205
-4.574711
-5.590987
-5.869297
-6.008813
-5.533389
-4.836282
-3.610918
-1.609438
0.000000
1
1
1
1
1
1
1
1
0.000000
-2.302585
-3.951244
-5.135798
-6.023448
-6.400257
-6.428105
-5.963579
-5.123964
-4.007333
-1.609438
1
1
1
1
1
1
1
1
1
-1.386294
-2.079442
-3.761200
-5.129899
-5.940171
-6.450470
-6.406880
-6.028279
-5.117994
-3.891820
-2.397895
-1.098612
1
1
1
1
1
1
1
1
1
-2.397895
-3.218876
-4.624973
-5.598422
-6.063785
-5.991465
-5.587249
-4.736198
-3.295837
-1.791759
0.000000
1
1
1
1
1
1
1
1
-0.693147
-1.098612
-2.484907
-3.637586
-4.753590
-5.141664
-5.164786
-4.691348
-3.610918
-1.945910
-1.609438
1
1
1
1
1
1
1
1
1
1
1
-1.098612
-2.397895
-3.044522
-3.850148
-3.951244
-3.295837
-2.944439
1
1
1
1
1
1
1
1
1
1
1
1
1
0.000000
0.000000
-1.609438
-2.397895
-2.302585
-1.098612
-0.693147
1
1
1
1
1
1
1
1
1
1
1
1
1
0.000000
1
0.000000
-0.693147
1
1
1
1
1
1
1
1
1
1
1
1
1
1
1
1
1
1
1
1
1
1
1
1
1
1
1
1
1
1
1
1
1
1
1
1
1
1
1
1
1
1
1
1
1
1
1
1
1
1
1
1
1
1
1
1
1
1
1
1
1
1
1
1
1
1
1
1
1
1
1
1
1
1
1
1
1
1
1
1
1
1
1
1
1
1
1
1
1
1
