10 10 20 20
-4.174387
-3.891820
-3.850148
-3.637586
-3.637586
-3.433987
-3.555348
-3.135494
-3.178054
-2.995732
-3.091042
-2.708050
-2.639057
-2.833213
-2.708050
-2.890372
-2.772589
-2.197225
-2.197225
-0.693147
-4.867534
-3.496508
-3.784190
-3.583519
-3.465736
-3.218876
-2.995732
-3.401197
-3.218876
-2.772589
-2.995732
-2.995732
-2.639057
-1.791759
-2.639057
-2.079442
-2.197225
-2.564949
-2.197225
-1.945910
-4.644391
-3.713572
-3.583519
-3.526361
-3.091042
-3.044522
-3.178054
-2.944439
-3.044522
-2.944439
-2.708050
-2.639057
-2.564949
-2.397895
-2.639057
-1.791759
-1.945910
-1.945910
-2.079442
-2.079442
-4.653960
-3.526361
-3.555348
-3.258097
-3.295837
-3.044522
-3.218876
-2.944439
-2.833213
-2.890372
-2.564949
-2.890372
-2.708050
-2.302585
-2.302585
-2.197225
-1.791759
-1.945910
-2.484907
-1.098612
-4.543295
-2.995732
-3.737670
-3.555348
-2.890372
-3.044522
-2.890372
-3.401197
-2.833213
-2.639057
-2.890372
-2.484907
-2.302585
-2.302585
-2.079442
-2.197225
-1.791759
-1.386294
-2.397895
-1.386294
-4.499810
-3.637586
-3.218876
-2.890372
-2.833213
-2.708050
-2.944439
-2.833213
-2.639057
-2.639057
-2.564949
-2.833213
-1.945910
-1.386294
-1.609438
-2.079442
-2.079442
-1.945910
-1.386294
-1.945910
-4.262680
-3.663562
-3.367296
-3.295837
-3.135494
-2.708050
-2.772589
-2.397895
-2.302585
-2.484907
-2.302585
-1.098612
-2.197225
-2.197225
-1.609438
-1.945910
-2.302585
-1.791759
-1.386294
-1.386294
-4.418841
-2.995732
-2.890372
-2.639057
-2.484907
-2.772589
-2.639057
-2.484907
-2.197225
-2.564949
-1.945910
-2.197225
-2.197225
-1.098612
-1.791759
-2.302585
-1.945910
-1.609438
-1.098612
-0.693147
-4.158883
-3.258097
-2.484907
-2.484907
-3.091042
-2.484907
-2.708050
-1.791759
-2.397895
-2.302585
-2.302585
-2.484907
-2.397895
-2.079442
-1.791759
-2.564949
-1.791759
-0.693147
-1.098612
-2.079442
-4.094345
-3.091042
-2.944439
-2.639057
-3.044522
-2.708050
-1.609438
-2.708050
-2.484907
-1.791759
-2.197225
-2.397895
-1.098612
-1.791759
0.000000
-1.386294
-1.609438
-1.386294
-1.098612
-1.386294
-3.931826
-2.564949
-2.708050
-2.484907
-2.079442
-2.197225
-2.639057
-2.079442
-2.564949
-2.302585
-0.693147
-1.609438
-2.079442
-1.945910
-1.098612
-1.609438
-1.098612
-1.098612
-0.693147
-1.098612
-3.806662
-2.708050
-2.302585
-2.833213
-2.484907
-2.772589
-2.484907
-2.397895
-1.609438
-2.079442
-1.386294
-1.609438
-2.484907
-1.791759
-0.693147
0.000000
-1.098612
-0.693147
-1.609438
-1.386294
-3.891820
-2.639057
-2.397895
-2.833213
-1.098612
-1.945910
-2.079442
-2.302585
-2.197225
-1.791759
-2.302585
-2.197225
-1.098612
-1.386294
-1.609438
-1.098612
-0.693147
-0.693147
-1.098612
-1.098612
-3.761200
-2.484907
-2.708050
-2.639057
-2.197225
-1.791759
-1.791759
-2.302585
-1.791759
-2.197225
-2.302585
-1.609438
-0.693147
-1.098612
-1.386294
-1.386294
-1.609438
0.000000
-0.693147
-0.693147
-3.258097
-2.302585
-2.197225
-2.079442
-1.386294
-2.197225
-2.079442
-1.609438
-1.609438
-1.098612
-2.397895
-1.386294
0.000000
0.000000
-2.079442
-1.098612
0.000000
-0.693147
0.000000
-1.098612
-3.295837
-2.639057
-1.609438
-2.302585
-2.397895
-1.386294
-1.386294
-1.945910
-1.386294
-1.386294
-2.079442
-1.609438
-1.386294
-1.098612
-1.098612
-0.693147
0.000000
-1.386294
0.000000
0.000000
-3.433987
-2.397895
-2.197225
-2.197225
-1.609438
-1.791759
-1.609438
-1.098612
-1.098612
-1.098612
-1.609438
0.000000
-1.609438
0.000000
-1.098612
-0.693147
-1.791759
0.000000
-1.098612
0.000000
-3.401197
-1.791759
-2.079442
-1.945910
-1.945910
-1.791759
-1.098612
-0.693147
-1.791759
-1.609438
-1.098612
-1.098612
-1.609438
-1.386294
0.000000
-0.693147
-0.693147
-1.386294
1
0.000000
-2.944439
-2.302585
-2.079442
-2.079442
-2.302585
-1.609438
-0.693147
-2.197225
-0.693147
-0.693147
-1.945910
-1.791759
0.000000
-0.693147
1
-1.609438
-1.098612
1
0.000000
1
-2.484907
-2.302585
-2.197225
-2.302585
-1.386294
-1.791759
-1.098612
-1.098612
1
-1.386294
0.000000
-1.609438
-1.609438
-1.098612
0.000000
-0.693147
1
-0.693147
-0.693147
0.000000
