10 10 20 20
1
1
1
1
1
1
1
1
1
1
1
1
1
1
1
1
1
1
1
1
1
1
1
1
1
1
1
1
1
1
1
1
1
1
1
1
1
1
1
1
1
1
1
1
1
1
1
1
1
0.000000
0.000000
1
1
1
1
1
1
1
1
1
1
1
1
1
1
1
-1.098612
-0.693147
-1.098612
-1.609438
1
0.000000
-1.098612
1
1
1
1
1
1
1
1
1
1
1
1
1
-1.386294
-1.609438
-2.397895
-2.397895
-1.791759
-1.098612
-2.197225
-1.098612
0.000000
1
1
1
1
1
1
1
1
1
1
-0.693147
-2.302585
-2.944439
-3.401197
-3.258097
-3.713572
-3.496508
-2.833213
-1.945910
-1.386294
1
1
1
1
1
1
1
1
1
-0.693147
-2.302585
-2.833213
-3.610918
-4.219508
-4.406719
-4.553877
-4.317488
-3.806662
-2.890372
-1.945910
0.000000
1
1
1
1
1
1
1
-0.693147
-1.098612
-1.386294
-3.433987
-4.442651
-4.955827
-5.105945
-5.288267
-4.882802
-4.574711
-3.401197
-2.397895
-1.609438
1
1
1
1
1
1
1
0.000000
-1.791759
-3.401197
-4.204693
-4.875197
-5.313206
-5.587249
-5.697093
-5.424950
-5.010635
-4.060443
-3.258097
-2.397895
-1.098612
1
1
1
1
1
0.000000
-1.098612
-2.302585
-3.433987
-4.343805
-5.303305
-5.609472
-5.840642
-5.926926
-5.616771
-5.308268
-4.418841
-3.496508
-2.397895
-0.693147
1
1
1
1
1
1
-0.693147
-1.945910
-3.367296
-4.234107
-5.123964
-5.717028
-5.958425
-5.916202
-5.624018
-5.056246
-4.477337
-3.526361
-2.197225
0.000000
0.000000
1
1
1
1
1
0.000000
-2.197225
-3.332205
-4.174387
-4.812184
-5.393628
-5.686975
-5.552960
-5.393628
-5.043425
-4.204693
-2.995732
-1.098612
-0.693147
1
1
1
1
1
0.000000
0.000000
-2.302585
-2.995732
-3.610918
-4.454347
-4.997212
-5.135798
-5.153292
-5.105945
-4.574711
-3.828641
-2.772589
-1.098612
0.000000
1
1
1
1
1
1
1
0.000000
-2.079442
-2.944439
-3.218876
-3.988984
-4.454347
-4.442651
-4.219508
-3.367296
-3.178054
-2.397895
-0.693147
0.000000
1
1
1
1
1
1
1
0.000000
-1.098612
-1.791759
-2.772589
-3.258097
-3.367296
-3.465736
-3.258097
-2.833213
-1.386294
-1.386294
1
1
1
1
1
1
1
1
1
0.000000
-0.693147
1
-0.693147
-1.609438
-2.079442
-2.564949
-2.079442
-1.791759
0.000000
1
1
1
1
1
1
1
1
1
1
1
1
-0.693147
1
-1.098612
1
-0.693147
-0.693147
1
1
1
1
1
1
1
1
1
1
1
1
1
1
1
1
1
0.000000
1
1
1
1
1
1
1
1
1
1
1
1
1
1
1
1
1
1
1
0.000000
1
1
1
1
1
1
1
1
1
1
1
1
1
1
1
1
1
1
1
1
1
1
1
1
1
1
1
1
1
1
