10 10 20 20
-4.234107
-4.110874
-4.158883
-3.871201
-3.871201
-3.931826
-3.806662
-3.663562
-3.465736
-3.135494
-3.367296
-3.218876
-2.944439
-2.708050
-2.890372
-2.639057
-2.639057
-3.044522
-2.708050
-1.945910
-5.075174
-4.189655
-3.988984
-3.951244
-3.713572
-3.583519
-3.784190
-3.401197
-3.332205
-3.332205
-3.218876
-3.258097
-2.772589
-2.944439
-2.944439
-2.564949
-2.197225
-2.302585
-2.397895
-2.079442
-4.997212
-3.828641
-3.871201
-3.806662
-3.850148
-3.688879
-3.401197
-3.637586
-3.713572
-3.465736
-3.332205
-2.944439
-2.484907
-2.197225
-2.639057
-1.791759
-2.944439
-2.197225
-2.564949
-2.197225
-4.787492
-3.891820
-3.526361
-3.637586
-3.583519
-3.295837
-3.332205
-3.258097
-3.091042
-2.708050
-2.564949
-2.944439
-2.197225
-3.091042
-2.639057
-2.639057
-2.772589
-2.079442
-1.791759
-1.791759
-4.882802
-3.951244
-3.555348
-3.610918
-3.610918
-3.526361
-3.044522
-3.295837
-2.639057
-2.890372
-2.564949
-2.772589
-3.135494
-2.079442
-2.484907
-2.302585
-2.564949
-1.945910
-1.791759
-1.945910
-4.828314
-3.713572
-3.637586
-3.401197
-3.258097
-3.135494
-3.258097
-3.295837
-2.302585
-2.772589
-2.708050
-2.079442
-2.772589
-2.397895
-1.609438
-2.197225
-2.302585
-1.609438
-1.791759
-1.386294
-4.682131
-3.828641
-3.332205
-3.178054
-2.944439
-3.295837
-3.218876
-3.258097
-2.944439
-3.091042
-2.772589
-2.639057
-2.484907
-2.302585
-2.397895
-2.397895
-2.302585
-1.609438
-2.197225
-1.098612
-4.477337
-3.951244
-3.526361
-3.178054
-3.258097
-3.218876
-3.258097
-3.091042
-2.564949
-2.772589
-2.197225
-2.302585
-2.079442
-2.397895
-2.079442
-2.397895
-2.079442
-1.609438
-2.302585
-2.197225
-4.553877
-3.465736
-3.091042
-3.332205
-3.044522
-2.833213
-2.484907
-2.708050
-2.890372
-2.833213
-2.639057
-2.484907
-2.079442
-2.397895
-1.386294
-2.397895
-2.197225
-2.564949
-1.609438
-1.098612
-4.174387
-3.091042
-3.332205
-3.295837
-3.091042
-2.639057
-2.995732
-2.944439
-2.484907
-2.484907
-2.302585
-2.833213
-1.945910
-1.791759
-2.079442
-1.098612
-1.945910
-2.197225
-1.098612
-1.386294
-4.094345
-3.295837
-3.135494
-2.564949
-3.091042
-2.708050
-2.639057
-2.564949
-2.484907
-2.639057
-2.484907
-2.079442
-1.791759
-2.197225
-2.079442
-1.609438
-1.791759
-2.197225
-1.098612
-0.693147
-4.234107
-3.178054
-3.044522
-3.258097
-2.772589
-3.044522
-2.484907
-2.397895
-2.302585
-2.302585
-2.197225
-2.079442
-1.098612
-2.302585
-2.302585
-1.386294
-1.945910
-1.609438
-0.693147
-1.386294
-3.850148
-3.258097
-2.772589
-2.708050
-2.708050
-2.564949
-2.397895
-2.302585
-2.079442
-1.945910
-2.197225
-1.609438
-1.609438
-1.791759
-1.386294
-2.079442
-1.609438
-1.791759
-1.098612
0.000000
-3.931826
-2.890372
-2.639057
-2.397895
-1.609438
-2.397895
-2.079442
-2.197225
-1.945910
-1.791759
-1.945910
-1.609438
-1.791759
-1.386294
-1.386294
-1.098612
-1.098612
-1.098612
-1.791759
1
-3.912023
-2.772589
-2.484907
-2.079442
-2.639057
-2.484907
-2.302585
-1.609438
-2.484907
-2.079442
-1.791759
-1.609438
-1.791759
-1.386294
-1.945910
-1.386294
-1.098612
0.000000
-1.098612
-0.693147
-3.828641
-2.302585
-2.833213
-1.945910
-2.564949
-1.791759
-1.098612
-2.397895
-2.397895
-2.484907
-1.791759
-1.791759
-1.386294
-2.079442
-0.693147
0.000000
-1.609438
-0.693147
0.000000
-1.386294
-3.737670
-2.639057
-1.609438
-2.197225
-2.079442
-2.397895
-1.945910
-2.397895
-2.302585
-1.386294
-1.609438
-1.386294
-1.609438
-1.791759
-1.791759
-1.791759
-1.098612
-1.386294
-1.098612
-1.609438
-3.713572
-2.995732
-1.791759
-2.079442
-1.609438
-1.791759
-1.945910
-1.098612
-2.079442
-1.791759
-1.098612
-1.386294
-1.098612
-0.693147
-2.079442
-0.693147
-1.386294
-1.098612
-0.693147
0.000000
-3.135494
-2.397895
-2.079442
-2.484907
-1.791759
-2.197225
-2.079442
-1.945910
-1.386294
-1.098612
-1.609438
-0.693147
-1.609438
-2.079442
-0.693147
1
-0.693147
0.000000
0.000000
-0.693147
-3.555348
-2.564949
-2.397895
-1.098612
-1.945910
-2.079442
-1.791759
-1.098612
-1.945910
-1.791759
-1.098612
-1.098612
0.000000
-1.609438
0.000000
-1.386294
-1.609438
-0.693147
-1.386294
-1.098612
